1.000E-03 1.551E+00 1.370E-02 3.527E+03 0.000E+00 0.000E+00 3.528E+03 3.527E+03 
1.035E-03 1.543E+00 1.457E-02 3.215E+03 0.000E+00 0.000E+00 3.217E+03 3.215E+03 
1.072E-03 1.534E+00 1.548E-02 2.931E+03 0.000E+00 0.000E+00 2.933E+03 2.931E+03 
1.072E-03 1.534E+00 1.548E-02 2.939E+03 0.000E+00 0.000E+00 2.941E+03 2.939E+03 
1.500E-03 1.433E+00 2.742E-02 1.194E+03 0.000E+00 0.000E+00 1.195E+03 1.194E+03 
2.000E-03 1.300E+00 4.250E-02 5.368E+02 0.000E+00 0.000E+00 5.382E+02 5.369E+02 
2.145E-03 1.261E+00 4.687E-02 4.403E+02 0.000E+00 0.000E+00 4.416E+02 4.403E+02 
2.145E-03 1.261E+00 4.687E-02 4.647E+02 0.000E+00 0.000E+00 4.660E+02 4.647E+02 
2.175E-03 1.252E+00 4.776E-02 4.470E+02 0.000E+00 0.000E+00 4.483E+02 4.471E+02 
2.206E-03 1.244E+00 4.866E-02 4.300E+02 0.000E+00 0.000E+00 4.313E+02 4.301E+02 
2.206E-03 1.244E+00 4.866E-02 4.315E+02 0.000E+00 0.000E+00 4.328E+02 4.316E+02 
2.248E-03 1.233E+00 4.992E-02 4.197E+02 0.000E+00 0.000E+00 4.210E+02 4.198E+02 
2.291E-03 1.221E+00 5.119E-02 4.140E+02 0.000E+00 0.000E+00 4.153E+02 4.141E+02 
2.291E-03 1.221E+00 5.119E-02 4.167E+02 0.000E+00 0.000E+00 4.179E+02 4.167E+02 
2.380E-03 1.198E+00 5.378E-02 3.781E+02 0.000E+00 0.000E+00 3.794E+02 3.782E+02 
2.472E-03 1.174E+00 5.645E-02 3.434E+02 0.000E+00 0.000E+00 3.446E+02 3.434E+02 
2.472E-03 1.174E+00 5.645E-02 3.471E+02 0.000E+00 0.000E+00 3.483E+02 3.471E+02 
2.604E-03 1.140E+00 6.019E-02 3.046E+02 0.000E+00 0.000E+00 3.058E+02 3.047E+02 
2.743E-03 1.105E+00 6.404E-02 2.678E+02 0.000E+00 0.000E+00 2.689E+02 2.678E+02 
2.743E-03 1.105E+00 6.404E-02 2.745E+02 0.000E+00 0.000E+00 2.757E+02 2.746E+02 
2.782E-03 1.095E+00 6.511E-02 2.638E+02 0.000E+00 0.000E+00 2.650E+02 2.639E+02 
2.822E-03 1.085E+00 6.619E-02 2.535E+02 0.000E+00 0.000E+00 2.547E+02 2.536E+02 
2.822E-03 1.085E+00 6.619E-02 2.553E+02 0.000E+00 0.000E+00 2.564E+02 2.553E+02 
3.000E-03 1.043E+00 7.087E-02 2.154E+02 0.000E+00 0.000E+00 2.165E+02 2.154E+02 
3.148E-03 1.008E+00 7.461E-02 1.881E+02 0.000E+00 0.000E+00 1.892E+02 1.882E+02 
3.148E-03 1.008E+00 7.461E-02 1.903E+02 0.000E+00 0.000E+00 1.914E+02 1.904E+02 
3.283E-03 9.780E-01 7.793E-02 1.691E+02 0.000E+00 0.000E+00 1.702E+02 1.692E+02 
3.425E-03 9.473E-01 8.127E-02 1.502E+02 0.000E+00 0.000E+00 1.513E+02 1.503E+02 
3.425E-03 9.473E-01 8.127E-02 1.516E+02 0.000E+00 0.000E+00 1.526E+02 1.517E+02 
3.515E-03 9.284E-01 8.333E-02 1.409E+02 0.000E+00 0.000E+00 1.419E+02 1.410E+02 
3.607E-03 9.094E-01 8.540E-02 1.310E+02 0.000E+00 0.000E+00 1.320E+02 1.310E+02 
3.607E-03 9.094E-01 8.540E-02 1.331E+02 0.000E+00 0.000E+00 1.341E+02 1.332E+02 
4.000E-03 8.339E-01 9.359E-02 9.947E+01 0.000E+00 0.000E+00 1.004E+02 9.957E+01 
4.038E-03 8.271E-01 9.434E-02 9.683E+01 0.000E+00 0.000E+00 9.776E+01 9.693E+01 
4.038E-03 8.271E-01 9.434E-02 1.095E+02 0.000E+00 0.000E+00 1.104E+02 1.096E+02 
5.000E-03 6.777E-01 1.107E-01 6.023E+01 0.000E+00 0.000E+00 6.102E+01 6.034E+01 
6.000E-03 5.627E-01 1.234E-01 3.588E+01 0.000E+00 0.000E+00 3.657E+01 3.601E+01 
8.000E-03 4.111E-01 1.405E-01 1.571E+01 0.000E+00 0.000E+00 1.626E+01 1.585E+01 
1.000E-02 3.184E-01 1.511E-01 8.216E+00 0.000E+00 0.000E+00 8.686E+00 8.367E+00 
1.192E-02 2.583E-01 1.583E-01 4.915E+00 0.000E+00 0.000E+00 5.332E+00 5.074E+00 
1.192E-02 2.583E-01 1.583E-01 7.133E+00 0.000E+00 0.000E+00 7.550E+00 7.292E+00 
1.279E-02 2.367E-01 1.609E-01 5.816E+00 0.000E+00 0.000E+00 6.213E+00 5.977E+00 
1.373E-02 2.166E-01 1.633E-01 4.741E+00 0.000E+00 0.000E+00 5.121E+00 4.905E+00 
1.373E-02 2.166E-01 1.633E-01 5.701E+00 0.000E+00 0.000E+00 6.081E+00 5.865E+00 
1.404E-02 2.106E-01 1.640E-01 5.375E+00 0.000E+00 0.000E+00 5.749E+00 5.539E+00 
1.435E-02 2.048E-01 1.648E-01 5.067E+00 0.000E+00 0.000E+00 5.436E+00 5.232E+00 
1.435E-02 2.048E-01 1.648E-01 5.549E+00 0.000E+00 0.000E+00 5.918E+00 5.713E+00 
1.500E-02 1.935E-01 1.661E-01 4.916E+00 0.000E+00 0.000E+00 5.276E+00 5.083E+00 
2.000E-02 1.311E-01 1.738E-01 2.226E+00 0.000E+00 0.000E+00 2.530E+00 2.399E+00 
3.000E-02 7.207E-02 1.794E-01 7.152E-01 0.000E+00 0.000E+00 9.667E-01 8.947E-01 
4.000E-02 4.559E-02 1.794E-01 3.171E-01 0.000E+00 0.000E+00 5.421E-01 4.965E-01 
5.000E-02 3.138E-02 1.770E-01 1.683E-01 0.000E+00 0.000E+00 3.767E-01 3.453E-01 
6.000E-02 2.295E-02 1.739E-01 1.001E-01 0.000E+00 0.000E+00 2.969E-01 2.739E-01 
8.000E-02 1.386E-02 1.668E-01 4.401E-02 0.000E+00 0.000E+00 2.246E-01 2.108E-01 
8.072E-02 1.364E-02 1.665E-01 4.289E-02 0.000E+00 0.000E+00 2.230E-01 2.094E-01 
8.072E-02 1.364E-02 1.665E-01 1.778E-01 0.000E+00 0.000E+00 3.580E-01 3.444E-01 
1.000E-01 9.287E-03 1.598E-01 1.009E-01 0.000E+00 0.000E+00 2.700E-01 2.607E-01 
1.500E-01 4.384E-03 1.449E-01 3.428E-02 0.000E+00 0.000E+00 1.836E-01 1.792E-01 
2.000E-01 2.549E-03 1.332E-01 1.582E-02 0.000E+00 0.000E+00 1.515E-01 1.490E-01 
3.000E-01 1.176E-03 1.161E-01 5.404E-03 0.000E+00 0.000E+00 1.227E-01 1.215E-01 
4.000E-01 6.745E-04 1.041E-01 2.594E-03 0.000E+00 0.000E+00 1.074E-01 1.067E-01 
5.000E-01 4.366E-04 9.515E-02 1.504E-03 0.000E+00 0.000E+00 9.709E-02 9.665E-02 
6.000E-01 3.055E-04 8.803E-02 9.814E-04 0.000E+00 0.000E+00 8.932E-02 8.901E-02 
8.000E-01 1.735E-04 7.737E-02 5.190E-04 0.000E+00 0.000E+00 7.806E-02 7.789E-02 
1.000E+00 1.116E-04 6.958E-02 3.267E-04 0.000E+00 0.000E+00 7.002E-02 6.991E-02 
1.022E+00 1.069E-04 6.885E-02 3.125E-04 0.000E+00 0.000E+00 6.927E-02 6.917E-02 
1.250E+00 7.173E-05 6.222E-02 2.108E-04 2.435E-05 0.000E+00 6.253E-02 6.246E-02 
1.500E+00 4.993E-05 5.655E-02 1.503E-04 1.287E-04 0.000E+00 5.688E-02 5.683E-02 
2.000E+00 2.817E-05 4.827E-02 9.095E-05 4.802E-04 0.000E+00 4.887E-02 4.884E-02 
2.044E+00 2.697E-05 4.766E-02 8.773E-05 5.157E-04 0.000E+00 4.829E-02 4.827E-02 
3.000E+00 1.255E-05 3.797E-02 4.766E-05 1.306E-03 1.328E-05 3.935E-02 3.934E-02 
4.000E+00 7.064E-06 3.167E-02 3.126E-05 2.078E-03 5.424E-05 3.384E-02 3.384E-02 
5.000E+00 4.522E-06 2.735E-02 2.294E-05 2.759E-03 1.081E-04 3.025E-02 3.024E-02 
6.000E+00 3.141E-06 2.418E-02 1.799E-05 3.368E-03 1.660E-04 2.773E-02 2.773E-02 
7.000E+00 2.308E-06 2.173E-02 1.475E-05 3.910E-03 2.238E-04 2.588E-02 2.588E-02 
8.000E+00 1.767E-06 1.978E-02 1.247E-05 4.397E-03 2.799E-04 2.447E-02 2.447E-02 
9.000E+00 1.397E-06 1.818E-02 1.078E-05 4.842E-03 3.337E-04 2.337E-02 2.337E-02 
1.000E+01 1.131E-06 1.684E-02 9.488E-06 5.244E-03 3.850E-04 2.248E-02 2.248E-02 