1.000E-03 7.354E-01 3.548E-02 1.436E+03 0.000E+00 0.000E+00 1.436E+03 1.436E+03 
1.035E-03 7.299E-01 3.768E-02 1.308E+03 0.000E+00 0.000E+00 1.309E+03 1.308E+03 
1.072E-03 7.244E-01 4.000E-02 1.191E+03 0.000E+00 0.000E+00 1.192E+03 1.191E+03 
1.072E-03 7.244E-01 4.000E-02 1.193E+03 0.000E+00 0.000E+00 1.194E+03 1.193E+03 
1.183E-03 7.085E-01 4.732E-02 9.161E+02 0.000E+00 0.000E+00 9.169E+02 9.162E+02 
1.305E-03 6.911E-01 5.578E-02 7.025E+02 0.000E+00 0.000E+00 7.032E+02 7.025E+02 
1.305E-03 6.911E-01 5.578E-02 7.027E+02 0.000E+00 0.000E+00 7.035E+02 7.028E+02 
1.500E-03 6.622E-01 6.978E-02 4.802E+02 0.000E+00 0.000E+00 4.810E+02 4.803E+02 
2.000E-03 5.825E-01 1.054E-01 2.141E+02 0.000E+00 0.000E+00 2.148E+02 2.142E+02 
2.145E-03 5.595E-01 1.152E-01 1.752E+02 0.000E+00 0.000E+00 1.759E+02 1.753E+02 
2.145E-03 5.595E-01 1.152E-01 1.762E+02 0.000E+00 0.000E+00 1.769E+02 1.763E+02 
2.303E-03 5.352E-01 1.254E-01 1.438E+02 0.000E+00 0.000E+00 1.445E+02 1.439E+02 
2.472E-03 5.100E-01 1.359E-01 1.172E+02 0.000E+00 0.000E+00 1.179E+02 1.174E+02 
2.472E-03 5.100E-01 1.359E-01 1.180E+02 0.000E+00 0.000E+00 1.186E+02 1.181E+02 
2.641E-03 4.858E-01 1.458E-01 9.737E+01 0.000E+00 0.000E+00 9.801E+01 9.752E+01 
2.822E-03 4.611E-01 1.557E-01 8.031E+01 0.000E+00 0.000E+00 8.092E+01 8.046E+01 
2.822E-03 4.611E-01 1.557E-01 8.057E+01 0.000E+00 0.000E+00 8.118E+01 8.072E+01 
3.000E-03 4.380E-01 1.648E-01 6.742E+01 0.000E+00 0.000E+00 6.803E+01 6.759E+01 
3.607E-03 3.682E-01 1.910E-01 3.914E+01 0.000E+00 0.000E+00 3.970E+01 3.933E+01 
3.607E-03 3.682E-01 1.910E-01 3.937E+01 0.000E+00 0.000E+00 3.993E+01 3.956E+01 
4.000E-03 3.303E-01 2.044E-01 2.894E+01 0.000E+00 0.000E+00 2.948E+01 2.915E+01 
4.038E-03 3.269E-01 2.056E-01 2.814E+01 0.000E+00 0.000E+00 2.867E+01 2.834E+01 
4.038E-03 3.269E-01 2.056E-01 3.137E+01 0.000E+00 0.000E+00 3.191E+01 3.158E+01 
5.000E-03 2.553E-01 2.297E-01 1.672E+01 0.000E+00 0.000E+00 1.721E+01 1.695E+01 
6.000E-03 2.032E-01 2.461E-01 9.693E+00 0.000E+00 0.000E+00 1.014E+01 9.939E+00 
8.000E-03 1.389E-01 2.651E-01 4.059E+00 0.000E+00 0.000E+00 4.463E+00 4.324E+00 
1.000E-02 1.026E-01 2.749E-01 2.047E+00 0.000E+00 0.000E+00 2.425E+00 2.322E+00 
1.500E-02 5.838E-02 2.846E-01 5.796E-01 0.000E+00 0.000E+00 9.226E-01 8.642E-01 
2.000E-02 3.817E-02 2.867E-01 2.338E-01 0.000E+00 0.000E+00 5.587E-01 5.205E-01 
3.000E-02 1.986E-02 2.838E-01 6.401E-02 0.000E+00 0.000E+00 3.677E-01 3.478E-01 
4.000E-02 1.208E-02 2.778E-01 2.531E-02 0.000E+00 0.000E+00 3.152E-01 3.031E-01 
5.000E-02 8.109E-03 2.711E-01 1.228E-02 0.000E+00 0.000E+00 2.915E-01 2.833E-01 
6.000E-02 5.816E-03 2.643E-01 6.784E-03 0.000E+00 0.000E+00 2.769E-01 2.711E-01 
8.000E-02 3.401E-03 2.515E-01 2.656E-03 0.000E+00 0.000E+00 2.575E-01 2.541E-01 
1.000E-01 2.224E-03 2.400E-01 1.283E-03 0.000E+00 0.000E+00 2.435E-01 2.413E-01 
1.500E-01 1.013E-03 2.165E-01 3.448E-04 0.000E+00 0.000E+00 2.179E-01 2.169E-01 
2.000E-01 5.756E-04 1.985E-01 1.375E-04 0.000E+00 0.000E+00 1.992E-01 1.987E-01 
3.000E-01 2.578E-04 1.728E-01 3.928E-05 0.000E+00 0.000E+00 1.731E-01 1.728E-01 
4.000E-01 1.454E-04 1.549E-01 1.692E-05 0.000E+00 0.000E+00 1.550E-01 1.549E-01 
5.000E-01 9.319E-05 1.414E-01 9.157E-06 0.000E+00 0.000E+00 1.415E-01 1.414E-01 
6.000E-01 6.476E-05 1.308E-01 5.715E-06 0.000E+00 0.000E+00 1.309E-01 1.308E-01 
8.000E-01 3.646E-05 1.150E-01 2.890E-06 0.000E+00 0.000E+00 1.150E-01 1.150E-01 
1.000E+00 2.334E-05 1.034E-01 1.796E-06 0.000E+00 0.000E+00 1.034E-01 1.034E-01 
1.022E+00 2.235E-05 1.023E-01 1.682E-06 0.000E+00 0.000E+00 1.023E-01 1.023E-01 
1.250E+00 1.494E-05 9.242E-02 1.141E-06 9.698E-06 0.000E+00 9.245E-02 9.243E-02 
1.500E+00 1.038E-05 8.401E-02 8.266E-07 5.384E-05 0.000E+00 8.407E-02 8.406E-02 
2.000E+00 5.837E-06 7.169E-02 5.176E-07 2.147E-04 0.000E+00 7.191E-02 7.190E-02 
2.044E+00 5.588E-06 7.080E-02 5.006E-07 2.314E-04 0.000E+00 7.104E-02 7.103E-02 
3.000E+00 2.595E-06 5.638E-02 2.874E-07 6.144E-04 1.973E-05 5.702E-02 5.702E-02 
4.000E+00 1.460E-06 4.704E-02 1.965E-07 9.970E-04 8.054E-05 4.812E-02 4.812E-02 
5.000E+00 9.340E-07 4.063E-02 1.486E-07 1.338E-03 1.605E-04 4.212E-02 4.212E-02 
6.000E+00 6.486E-07 3.591E-02 1.192E-07 1.645E-03 2.465E-04 3.780E-02 3.780E-02 
7.000E+00 4.765E-07 3.227E-02 9.945E-08 1.917E-03 3.324E-04 3.452E-02 3.452E-02 
8.000E+00 3.649E-07 2.937E-02 8.524E-08 2.163E-03 4.158E-04 3.195E-02 3.195E-02 
9.000E+00 2.883E-07 2.700E-02 7.456E-08 2.388E-03 4.958E-04 2.989E-02 2.989E-02 
1.000E+01 2.335E-07 2.502E-02 6.624E-08 2.590E-03 5.721E-04 2.818E-02 2.818E-02 