0 compton 0.05431010664307252 -3.0310349694206806 11.666666666666666 
0 compton 0.011175620380554904 -12.125179271971799 8.173416972847669 
0 compton 0.006060279634265545 -11.803715144149045 3.4871499748146606 
1 compton 0.02111755057415532 -9.4467121277369 11.666666666666666 
2 compton 0.036138350119728435 -12.288870981536949 11.666666666666666 
2 compton 0.01822356045730071 -12.336243670510795 11.085444940244503 
3 compton 0.05370639717611704 -11.502360173253283 11.666666666666666 
4 compton 0.0016290145564787917 -10.805274840317296 11.666666666666666 
4 compton 0.029945323431084497 -8.558051185238266 11.03415265889986 
5 compton 0.004635998451326867 0.5501274154786806 11.666666666666666 
6 compton 0.005950979544231821 -9.825673061949182 11.666666666666666 
7 compton 0.039789067103494336 -8.579905949526434 11.666666666666666 
8 compton 0.05279980184903342 -10.614832101546632 11.666666666666666 
8 compton 0.01162610763850877 -10.98824419809867 11.897572242610131 
9 compton 0.05082450709936437 -10.447931458964938 11.666666666666666 
10 compton 0.0172551215063603 -11.75186563989874 11.666666666666666 
11 compton 0.02602398136328489 -11.342405747396338 11.666666666666666 
11 compton 0.026436346137830566 -9.517496040380358 5.526728081667843 
11 compton 0.0009556197644641912 -4.284110098970815 7.778351995344542 
12 compton 0.02990355331280202 0.13618644598380136 11.666666666666666 
12 compton 0.014782255884298448 1.5925458672938497 2.1809133615377476 
12 compton 0.01571967209898331 1.2356691485869264 1.9537351821869495 
12 compton 0.008681587708365135 1.5879574825165896 1.159861377137323 
12 compton 0.01727763733412263 2.716165123578371 1.1814622842316886 
12 compton 0.0001656484581894907 2.490238300098391 1.3942470271275402 
13 compton 0.045462084911812015 7.569851030760757 11.666666666666666 
13 compton 0.009413446723249883 6.982675907464822 10.597900871752804 
16 compton 0.03625720170681554 1.4971413380075411 11.666666666666666 
16 compton 0.022764267863226037 0.35048461620805926 -1.6287628775631866 
16 compton 0.019766263226055764 -6.176314554077315 -0.23441707300895698 
16 compton 0.014870066999684357 -5.660932663077608 -1.5145959405875253 
16 compton 0.000857907588729119 -6.296718131817659 -0.9534467660212509 
16 compton 0.008007971902560057 -9.214644735474108 -0.4009362593096458 
16 compton 0.005876972045091675 -9.200113343001403 -0.43536747672759646 
16 compton 0.0042963255654494825 -8.854816516433978 0.04433842488654194 
16 phot 0.037303023102387964 -8.481266926504922 -0.6092874071520386 
17 compton 0.03948230966083888 -9.769093953129428 11.666666666666666 
18 compton 0.013580598160168572 -1.6027061150193394 11.666666666666666 
18 compton 0.03608873232765032 4.462439674536647 4.778846955074289 
20 compton 0.019537008204490863 -10.901014919405348 11.666666666666666 
20 compton 0.031983774716680874 -8.646264894957826 7.653761487611688 
21 compton 0.04217546756586163 10.26629644240179 11.666666666666666 
22 compton 0.03736815524677822 -3.5301964906392698 11.666666666666666 
23 compton 0.027803632282602395 -10.029180779099123 11.666666666666666 
24 compton 0.0471498955369911 -3.1573120383197733 11.666666666666666 
25 compton 0.0192436038050523 -8.855440274896775 11.666666666666666 
25 compton 0.034580923194567584 -6.804035460502492 8.100576340905318 
25 compton 0.006175757462775586 -9.825481984616008 7.7825963039174875 
25 compton 0.008494180000463508 -9.932801391472095 7.8882131986309565 
26 compton 0.009331719420162699 -10.09217419113611 11.666666666666666 
27 compton 0.00557209451537613 -10.619798195286748 11.666666666666666 
28 compton 0.00787884249774784 -11.058387159755844 11.666666666666666 
28 compton 0.012031742548592378 3.262250531767295 1.3412399578434648 
29 compton 0.04913945129824297 -10.800208133169756 11.666666666666666 
30 compton 0.009586607377345374 -7.256315146958523 11.666666666666666 
30 compton 0.02235701829226612 -7.010315382078072 11.872193122252147 
31 compton 0.024548274291617406 3.313015375696155 11.666666666666666 
31 compton 0.0017662694275256408 8.961558254907821 -4.306947616440434 
31 compton 0.037714035888579994 11.282823776763294 -7.161950575202889 
31 compton 0.01784400698863886 11.082071431955342 -3.8250150102859286 
31 compton 0.009776828406852268 4.144277087786482 -9.106121436089165 
31 compton 0.0012246694527667315 5.755176439981961 -10.357623499935526 
32 compton 0.03325246232751192 -4.056326155894162 11.666666666666666 
32 compton 0.03335294743879902 -3.7965059813275985 2.9225757828579173 
32 compton 0.0031803082178271797 -6.168207991665108 5.460076526708339 
33 compton 0.03742747074947256 -6.430559648613355 11.666666666666666 
33 compton 0.00041686808540274123 -7.117027660970606 6.536541917366958 
33 compton 0.014787452631819645 -12.2389163713151 -9.077252452852274 
33 compton 0.013147486078262022 -9.96642479101003 -10.734564119647306 
34 compton 0.028411756153509105 -5.6198936127513 11.666666666666666 
35 compton 0.004297167941175961 -7.80826047582097 11.666666666666666 
36 compton 0.03788689696257967 -7.329676936094101 11.666666666666666 
36 compton 0.0071826238086633715 -7.871329140168295 8.126228505024429 
36 compton 0.02426241185702957 -5.572679378596053 5.1659507220647205 
37 compton 0.012533304229794956 -12.2960065479112 11.666666666666666 
37 compton 0.04208177493649974 -9.97481413140787 9.22771250316067 
37 compton 0.019103460971603176 -9.731649474715573 11.320665370045646 
38 compton 0.0039201978220968214 -5.012053577425348 11.666666666666666 
39 compton 0.05466978815172842 -6.089616802009049 11.666666666666666 
40 compton 0.05501558618484423 -0.3547040370088155 11.666666666666666 
40 compton 0.0054507675942303685 -7.926676999600002 9.876188495867334 
40 compton 0.019564129163414934 -9.078654468766771 10.66607172514098 
40 compton 0.008992411257047125 -5.912899425925367 11.755558420348539 
41 compton 0.02938168107168737 -8.350339045843889 11.666666666666666 
41 compton 0.0027174337083692435 -7.81188489056996 8.548464577929664 
41 compton 0.009318542981185604 -7.501372719134745 8.110364830092239 
41 compton 0.004257419035168866 4.663875912534358 7.3496811129074135 
41 compton 0.015714541346214056 7.600229264901801 9.222227020014119 
42 compton 0.03313662085094421 -9.0191490880855 11.666666666666666 
43 compton 0.011542289923746063 -6.786727185996926 11.666666666666666 
43 compton 0.013235029044898317 -6.466267243358985 11.354226215875007 
43 compton 0.040955067078253624 -7.0967148954073505 5.979225875969612 
43 compton 0.0034388409601987385 -7.28518389869739 8.815913620247466 
43 compton 0.01848572345165512 -6.855828971557436 9.359646939158281 
43 compton 0.007207815501287969 -7.581721216323316 4.92256259779148 
43 phot 0.055135234039960165 -11.655235563094278 5.892513534524489 
44 compton 0.02775263514604595 -11.174211400723655 11.666666666666666 
44 compton 0.016091417954584852 -9.953830665074138 6.42156729257915 
44 compton 0.0035649387739849214 -7.646824720079899 6.081132765061652 
44 compton 0.004436752596692434 -2.269716962964228 1.2371585118782003 
44 compton 0.024246342396758047 0.618636516606943 1.0956022198516182 
44 compton 0.010201395414832837 -3.483053909331096 -2.6142583968471214 
44 compton 0.006815496085645627 -4.30800716408132 -1.4778693548185693 
44 compton 0.007688655316509106 -11.554433191177669 -6.3176284666042015 
44 compton 0.0004277391466141617 -10.464075296114812 -7.011158079776427 
44 phot 0.04877462716833206 -9.370999769143356 -8.700929030399358 
45 compton 0.0017307322863529262 -12.06064805152866 11.666666666666666 
45 compton 0.004492396486901168 -8.972889718351663 10.768877689530367 
45 compton 0.0023397069912714508 1.8927649222609926 0.619922740988164 
45 compton 0.038730867336504965 4.270519836158601 -4.0050072875665395 
45 compton 0.0006908193740089302 2.8895251767662757 -4.149140024824289 
45 compton 0.005545374783916104 -0.904635195830453 -5.595971272129281 
46 compton 0.0018090539874311973 -11.646991994839556 11.666666666666666 
46 compton 0.014723918645964784 -8.150055532656111 10.625387932875606 
47 compton 0.012736938845234885 -6.209492529440115 11.666666666666666 
48 compton 0.007641496262119879 -10.56143040552754 11.666666666666666 
48 compton 0.04804125775173211 -9.411330173899483 12.477995213066345 
48 compton 0.022612142360368126 -9.553306552707335 12.102849608804501 
49 compton 0.004613953180734404 -10.654948866401059 11.666666666666666 
49 compton 0.010065354123704379 -9.31725625087541 10.988347103780693 
49 compton 0.04189227126791052 -5.141618103384632 12.146503875263264 
50 compton 0.053145657590051756 1.1851732284362573 11.666666666666666 
51 compton 0.008019303473628114 -11.874403650621272 11.666666666666666 
51 compton 0.023826484989117144 -1.1316022851024705 3.821597057302216 
52 compton 0.05376164817732741 -9.735944060431732 11.666666666666666 
53 compton 0.021836044901748036 -10.310894152887155 11.666666666666666 
53 compton 0.012804655169650042 -9.540535990171204 10.000105632606964 
53 compton 0.013007951717562818 -9.413529226482611 9.979829265902508 
54 compton 0.05495051662925442 -12.405787204851253 11.666666666666666 
55 compton 0.03659999866669407 -11.649031444443313 11.666666666666666 
56 compton 0.03238583934894007 0.947090264533939 11.666666666666666 
56 compton 0.0030657064672389156 1.0524544302315517 9.969187537157815 
56 compton 0.02429888765447695 -2.6831187547890236 1.7164267881444886 
56 compton 0.009177079706424979 -4.580588611144966 3.092690335255228 
56 compton 0.003057461458674887 -2.3695969659886718 11.396080349635874 
57 compton 0.04930475763015217 -9.969016993978448 11.666666666666666 
58 compton 0.033419052011940995 -9.838933892510088 11.666666666666666 
58 compton 0.006754653526686014 -9.79808869907875 9.925062215834542 
58 compton 0.032447398045029524 -12.43546362254906 6.968577570746772 
59 compton 0.016151648297178578 -3.2836571711734823 11.666666666666666 
59 compton 0.020711695454323553 -0.24334334344020014 7.494286188128516 
59 compton 0.008475110691053112 -0.5071610987042152 7.136411766404733 
59 compton 0.028547057450861432 -3.5322310721374457 6.979567210045445 
59 compton 0.0029506474848482733 0.6890008232965323 4.461885149054079 
59 compton 0.0038122399699169474 0.8270974671997513 3.980601971017237 
60 compton 0.004559760792888695 -2.6680704697746407 11.666666666666666 
61 compton 0.052476188898987336 -5.0704654373399185 11.666666666666666 
62 compton 0.031545740450569904 -12.216353798547 11.666666666666666 
62 compton 0.004678402694237985 -12.1346367600648 10.78956355352543 
62 compton 0.030020709070296553 -1.7766465540017204 -1.5654151827266105 
62 compton 0.009064694058788333 -4.011743626954296 -1.6590171869691215 
62 compton 0.007298037434611826 -4.785863257183482 0.8049855199243092 
63 compton 0.015668172827072557 -10.736946678709415 11.666666666666666 
64 compton 0.001945189847849138 -3.429457459651651 11.666666666666666 
64 compton 0.047409332463544715 -3.2915459053684932 11.709375922492512 
64 compton 0.009929209072367884 -3.858054910163351 10.273718689697235 
64 compton 0.01024831639330448 -0.6521591843666896 6.724261444744168 
64 compton 0.009285513228344408 -1.7169783841933952 4.986387060551377 
64 compton 0.013383295769195586 -7.633961866791601 7.3308187027815315 
64 compton 0.004581732715510205 -7.118533286846932 5.903481423019745 
64 compton 0.007163098981248686 0.0818835345810589 6.664993186569667 
64 compton 0.006621274610572506 -2.304742160740636 1.1845242191461072 
64 compton 0.004329090195933742 -3.049850846070973 7.429948322725218 
64 compton 0.0008131619163486356 -2.6912964103993127 7.223522488599051 
64 phot 0.03429078480578001 -0.6955770065525522 7.917153618174942 
65 compton 0.0524373098584273 -12.241953286109585 11.666666666666666 
65 compton 0.0172976897578134 -12.250864492557808 11.660701292060395 
65 compton 0.010730497286384616 -11.909691944316966 11.270939833975856 
67 compton 0.04141890229092188 -7.062890760531364 11.666666666666666 
67 compton 0.0003475583612157912 -7.553118215800948 10.104944010041985 
67 compton 0.010011174617876026 -7.710754478669566 8.900030834297484 
67 compton 0.0013572434328922717 -5.981477836940997 7.514383757209173 
67 compton 0.026068042385055 -5.686560645654378 7.425945820565793 
67 compton 0.012176810458009363 -10.257929021246031 7.198948891503918 
67 compton 0.009819339069789879 -7.568338978979141 3.0250561435055605 
67 compton 0.0011475641380379875 -9.084829045145222 3.463920268130474 
67 compton 0.0007175086934191402 -10.362579123068777 2.8556626990511673 
67 phot 0.04693585655278266 -12.450956026925956 -0.5829605707449863 
68 compton 0.0262020294305291 -8.13454780657134 11.666666666666666 
69 compton 0.05391534073969864 -7.352239258217628 11.666666666666666 
70 compton 0.012308406791671361 -10.034282563227555 11.666666666666666 
70 compton 0.01109355854197272 -6.0223404125255415 7.521602599367919 
70 compton 0.034940085254183226 -3.4791084201393025 7.593831874517692 
70 phot 0.09165794941217269 -11.746458666995874 -6.1833733254765875 
71 compton 0.03440806475549604 -10.351669800282739 11.666666666666666 
72 compton 0.03083714826952609 -8.593594712113477 11.666666666666666 
72 compton 0.03361164347812855 -8.392461177188423 9.98010561408332 
73 compton 0.017774625708922548 -11.96869044204683 11.666666666666666 
74 compton 0.023273689946730736 -9.02592211681732 11.666666666666666 
74 compton 0.03115637253850123 -4.988308250869429 1.6654041613144788 
74 compton 0.008702603869247053 -4.406575802551129 2.1590733124305497 
74 phot 0.08686733364552097 -4.558138925867992 2.834287584692624 
75 compton 0.05167540433496705 -9.57416947209155 11.666666666666666 
75 compton 0.006289525277407643 -12.218415907222179 9.617308315051783 
76 compton 0.02573854777771195 -12.134730769180015 11.666666666666666 
76 compton 0.0012375689085741548 -11.691355710787498 10.22721852485558 
76 compton 0.010250720928330903 -11.609184553840818 2.1368442813839774 
76 compton 0.007615368290043528 0.6632919705169105 -7.421489209951583 
76 compton 0.0022308887735862787 0.7260307190651745 -8.25638056069234 
77 compton 0.03953596230554261 -10.41955466989746 11.666666666666666 
77 compton 0.03297624413789782 -11.266879687929155 7.896466105732517 
77 compton 0.0027264045610662507 -11.401789941589632 12.392054010550966 
77 compton 4.417547543249245e-05 -11.487330037598438 12.486067767002954 
78 compton 0.04786011828560423 -7.326096233821578 11.666666666666666 
79 compton 0.02935461353809797 5.432521829775004 11.666666666666666 
79 compton 0.005947927972185921 8.098525690044807 -3.6839080050336737 
79 compton 0.01421660025911721 9.991818093014576 -5.3554505145314115 
79 compton 0.026452908611570194 12.034357083347894 -4.320768360900978 
79 compton 0.006000321107470494 10.686885366775211 -4.123615824626958 
79 compton 0.010773218585628401 9.60016896366889 0.01820795348174542 
79 compton 0.010247801218384464 10.45649038984216 -0.12844817801908695 
79 compton 0.007006224208329019 9.652714828818503 -0.25925752623944937 
79 phot 0.04000038449921632 9.882990782815112 -0.3255440228485688 
80 phot 0.15 -8.484625777991383 11.666666666666666 
81 compton 0.0019260812659747106 -9.083249366170309 11.666666666666666 
82 compton 0.010875508258555794 -7.644451587484402 11.666666666666666 
82 compton 0.04763000675017352 -6.401720801142317 10.51577461266404 
83 compton 0.014730859632870769 -10.919118478923336 11.666666666666666 
84 compton 0.009962994930897917 -4.5301277534828195 11.666666666666666 
85 compton 0.03290975460276281 -3.757600323100336 11.666666666666666 
85 compton 0.000877776109051917 -3.696206933709184 10.223812483893541 
85 compton 0.033924519520767846 -4.658930621049553 5.814140717453563 
85 compton 0.007533888416280846 -5.444718247025401 7.637342467638433 
85 compton 0.0009683760241119832 -6.200631065266525 7.619609965869428 
85 compton 0.014333655740749608 -9.308808325578216 6.1171351261226885 
85 compton 0.010901943008144656 -5.42369567617393 4.53504655402297 
85 compton 0.006733400263727374 -12.246863014258361 11.058767540036634 
85 compton 0.004668164882566307 2.5879423206768255 11.648066409378389 
86 compton 0.042729188041346344 -12.357370384157127 11.666666666666666 
87 compton 0.05070873172231059 -3.133860821731375 11.666666666666666 
87 compton 0.007074987377175296 -4.257512426010369 10.644762328788767 
87 compton 0.017404069853095325 -5.9119591436552446 10.950653812191133 
87 compton 0.006956268970346471 -5.280610757170869 5.2591326545155015 
87 compton 0.010089506071460023 -10.918635152836888 2.775525406549521 
87 compton 0.007017571822517388 -9.743937162461311 1.4778932363469488 
87 phot 0.0507488641830949 -11.254113369544823 0.6319834059337042 
88 compton 0.05326279191194799 2.453174847465858 11.666666666666666 
89 compton 0.01981065616699118 -8.070105891875116 11.666666666666666 
89 compton 0.04182803225983614 -2.4766820917351122 1.488430808712243 
89 compton 0.009205343278124833 -11.755612933004404 6.911529516696544 
90 compton 0.01171709842407534 -11.819732857754005 11.666666666666666 
91 compton 0.01552604627360249 -8.037889874936264 11.666666666666666 
91 compton 0.021159072411680607 7.118145139492206 -8.192915518256841 
91 compton 0.004172365990177146 7.858644236737373 -7.91656324564197 
91 compton 0.00159376225752908 9.550516769574692 -5.534823988671302 
91 compton 0.030613680959766937 10.843981745532812 -0.3158099622667887 
91 compton 0.0013057614872053341 12.152834964038496 -5.92791476030748 
92 compton 0.039473185919113266 -11.266037756768243 11.666666666666666 
92 compton 0.031129711395452397 -12.04885014529466 8.13915437221014 
93 compton 0.010785795286726352 -12.11033419844385 11.666666666666666 
93 compton 0.0007838388732084589 -9.65518615644173 9.40882230930575 
93 compton 0.03390038334259496 -7.711239329722487 6.70306019031065 
94 compton 0.015680296364664226 -0.6160912719328842 11.666666666666666 
94 compton 0.007070792159050515 -0.12404618549976337 12.318790281305727 
95 compton 0.0076128517687095165 -12.208922848547646 11.666666666666666 
95 compton 0.011139794734870395 -11.505438842294497 12.161613718704574 
95 compton 0.03540946092863903 -8.962813626563484 11.67601230976701 
96 compton 0.045973526566536985 -9.452647511869651 11.666666666666666 
97 compton 0.002842793469788135 -10.623184974079376 11.666666666666666 
97 compton 0.018144350851941382 -5.448997619812256 9.690592266513155 
97 compton 0.039283159555843286 -5.109610547282385 7.74000058220439 
97 compton 0.005226407707579914 -9.378252578570702 10.998389857878907 
98 compton 0.003382799027327077 -10.88503366726305 11.666666666666666 
98 phot 0.14661720097267292 -10.436591170117334 11.47752909945089 
99 compton 0.03098361578781035 -11.525120067640062 11.666666666666666 
99 compton 0.002443498991451326 -11.192585394905443 8.746399701981556 
99 compton 0.02447244925229833 -9.030965792480135 5.147525966505824 
100 compton 0.04326650798449688 9.018018231380891 11.666666666666666 
100 compton 0.0039946590732446025 8.538131089942745 10.50197478637805 
100 compton 0.0253890271285189 9.322484125422886 7.140240859018591 
100 compton 0.006426934966022729 5.255813511481292 9.13311228250476 
100 compton 0.009742019857568375 3.0904335443447324 7.301229239979502 
101 compton 0.04489059093709341 -12.135721426062167 11.666666666666666 
101 compton 0.025563775998225624 -12.365467948902229 11.216942281073617 
101 compton 0.0007621581831438878 -3.5492170376368097 12.324467726618414 
102 compton 0.015526086433016006 -5.7954567691790855 11.666666666666666 
103 compton 0.03345824137915619 -10.757825707047177 11.666666666666666 
103 compton 0.0026977718977148346 -10.692469549127836 8.692896467986525 
103 compton 0.02881484422753311 -4.765645577627927 -2.639481270264941 
103 compton 0.006648364918863045 -3.1467416158398223 0.056527278269108194 
103 compton 0.0005631650696152485 -3.024913720077674 0.053066601017008205 
103 compton 0.015204062720801506 -1.8409255926131916 -0.36150109119645685 
103 phot 0.06261354978631606 -2.032156700711488 0.25695048688181804 
104 compton 0.03151909407734671 5.667243517001461 11.666666666666666 
105 compton 0.03755732681278985 -10.670119749020557 11.666666666666666 
106 compton 0.012684632964099357 -6.992708803784617 11.666666666666666 
106 compton 0.02011332786457956 -5.485966354256419 10.065494419796583 
106 compton 0.008367076782495708 -2.2831320449064454 11.364431133079117 
106 compton 0.009859438358591974 3.3030923639681835 8.608783895159593 
106 compton 0.024864168904379702 4.775978506494679 9.514303121494804 
106 phot 0.07411135512585369 -0.7260948726705676 10.61884511719142 
107 compton 0.01836914532629577 -1.3688148730659702 11.666666666666666 
107 compton 0.010088403213246597 2.491257583505649 5.402304496866268 
107 compton 0.029248116137103417 6.860302948030348 4.550759577542232 
107 compton 0.01571172237316007 5.932060410075749 10.850439993311975 
107 compton 0.008501186685979004 -8.428199026437346 6.6803967616781526 
107 compton 0.009629183742160818 -6.266331579240088 -12.032734010236819 
107 compton 0.001475709868138067 -5.77458490514552 -11.851145862684655 
107 compton 0.008884030068391745 -4.38181178086454 -9.478003333477512 
108 compton 0.03781047695054286 -9.236378690748085 11.666666666666666 
108 compton 0.00036096122097875605 -9.602736122729606 9.220665729801071 
108 compton 0.020401208252386047 -12.266139525831553 1.1932555452074478 
109 compton 0.002489736587112129 -6.661205542140527 11.666666666666666 
109 compton 0.04264156910093127 -3.836296478073712 10.664975823818537 
110 compton 0.022192575996541702 -10.770345592429722 11.666666666666666 
110 compton 0.03823714581822943 -8.509464279591976 6.6143843683744565 
110 compton 0.00424656357980184 -6.453418172867761 11.994328001415804 
111 compton 0.013144006921023188 -9.01460757071624 11.666666666666666 
112 compton 0.0010754009530814235 -12.308593822003257 11.666666666666666 
113 compton 0.03846503836391983 -9.879194927987648 11.666666666666666 
113 compton 0.023910000245732574 -11.537219549499076 2.330543081201588 
114 compton 0.022281336621869624 -9.414991267993852 11.666666666666666 
114 compton 0.00278771371933928 -0.3690008445853916 -8.714038990241056 
115 compton 0.0014378735323046232 1.7892064815960165 11.666666666666666 
115 compton 0.011447141398834432 2.1803967210526847 11.769687548955304 
115 compton 0.025669070573351133 3.115117608501653 11.23480948771207 
115 compton 0.0178430917132259 3.343597852221436 11.528084119608 
116 compton 0.018547550494977583 -10.143625437651322 11.666666666666666 
116 compton 0.03805513431976465 -9.947859814741665 11.988805604067442 
116 compton 0.0017918050835050714 -10.918257085426118 11.913474982265036 
117 compton 0.013089916393613538 -12.298434468708988 11.666666666666666 
117 compton 0.03424915514157387 -11.502743006466748 10.795243995840268 
117 compton 0.028459165344636647 -10.959530214304678 11.618793324649891 
117 compton 0.0014862402507109795 -12.490751706224703 1.712905399450646 
117 compton 0.00337287224641368 -8.676109257675842 -7.737594484258571 
117 compton 0.007962492556861524 -4.724636797620727 -9.112117619131265 
117 compton 0.0020031728673735524 -3.3196013277125234 -5.582167747433125 
117 compton 0.009510667402438208 -4.629015215020839 -2.391466551037672 
117 compton 0.002361768259602791 -4.936443262135957 -2.974716631249722 
117 phot 0.04750454953677521 -4.49276102950669 -3.662362701411714 
118 compton 0.03314947990101774 8.212904198461588 11.666666666666666 
118 compton 0.023110741670501297 8.75311633179102 -4.4220399746626615 
118 compton 0.004821010864875894 6.307822791008498 -4.312741326889461 
118 compton 0.01696671493933359 5.273547957663827 -5.265679191432076 
118 compton 0.0051775871451913424 1.1491401588387244 5.01766427615984 
118 compton 0.004102646874636476 -2.493222752489124 5.326459111331051 
118 compton 0.0077968206753079375 -4.677934860331425 2.181013455442491 
118 phot 0.054874997929135715 0.4588272094256389 -0.28708964414923477 
119 compton 0.0268178571937195 -10.047823170155281 11.666666666666666 
119 compton 0.02902085749689219 -9.959764635133157 11.337372054508132 
119 compton 0.013075797488179372 -9.494118433053874 11.618755519482155 
120 compton 0.010151460681312396 -8.966644141291498 11.666666666666666 
121 compton 0.026213943409674284 2.211867941279392 11.666666666666666 
122 compton 0.0540492332084732 -0.5008378148352595 11.666666666666666 
122 compton 0.02607052329507399 -0.9165874675077217 11.488283684749318 
123 compton 0.023554757010178867 -11.43056566790336 11.666666666666666 
124 compton 0.04445713076058026 -4.337305863545867 11.666666666666666 
124 compton 0.021713514761911884 -4.470709889929407 11.390501162580877 
124 compton 0.012662881190533562 -5.133341186085088 11.956490919480247 
124 compton 0.00245306695970475 -10.24980966219847 4.822431680009872 
125 compton 0.05228389239313183 -11.66271687761391 11.666666666666666 
125 compton 0.011649205940124335 -12.361372386218358 12.149305733434668 
126 compton 0.016927052036391 -11.897382434407348 11.666666666666666 
126 compton 0.037177829611784965 -5.453408506814393 2.2969935706412556 
126 compton 0.005070753236781481 -9.325775187189432 1.9404630593637129 
126 compton 0.014795103977622279 -12.26834222047933 -1.6460745103707373 
127 compton 0.04542258834618171 -8.50032267849092 11.666666666666666 
127 compton 0.029131536800265215 -10.367533919015708 8.250982369450972 
128 compton 0.05244441821225852 -6.529710984590687 11.666666666666666 
129 compton 0.002500752837947262 -11.983245816636868 11.666666666666666 
130 compton 0.007208478130673102 -6.7551705031862435 11.666666666666666 
131 compton 0.049281149964541235 -6.937044959058715 11.666666666666666 
132 compton 0.05405939995614646 4.645319823627863 11.666666666666666 
133 compton 0.04984452661514231 -10.163485337965184 11.666666666666666 
134 compton 0.0432738084976773 -7.650395610746219 11.666666666666666 
134 compton 0.029605865589831484 -8.142003798887169 10.474726539144608 
134 compton 0.003336086181209341 -8.005162194732634 10.56885268584861 
134 compton 0.010666781227528385 -6.0336047838311115 10.184979184607446 
134 compton 0.0018073597410117534 -7.829995104074852 5.463426070338252 
134 compton 0.0010947977489590768 -8.448446342154096 5.124101996518165 
134 compton 0.003876838762904386 -8.90422559588258 4.311675343000259 
134 compton 0.0016282864655638718 -9.250622398205055 4.3402050716914635 
135 compton 0.012457013600162409 -8.294827282275287 11.666666666666666 
135 compton 0.01049887259964849 -8.055738191854823 11.916455992767563 
135 compton 0.019492406673811913 -3.1023676838075183 11.926838838098902 
136 compton 0.001737068915134865 -11.283112908544293 11.666666666666666 
136 compton 0.03873005626523522 -9.645051766492976 12.14388183448468 
136 compton 0.004341206014958632 -9.20163507760195 5.116521687218599 
136 compton 0.017288946344656844 -12.141454570796633 0.5090896220846952 
137 compton 0.005345837983178364 -5.938535203003561 11.666666666666666 
137 compton 0.006396129258962185 -1.405677707576876 9.14775269385379 
137 compton 0.03535009101881363 1.7799419266472118 3.0850004637509656 
137 compton 0.0026171464403204753 -8.675031859102306 0.8478651168544213 
137 compton 0.018154125336024285 -11.593935350908826 1.7634135403194842 
137 compton 0.007053295813120336 -8.646943503363637 8.18181599325132 
137 compton 0.0018157442181385292 -9.490126313182813 9.159250571062177 
137 compton 0.009584505878463948 -9.737782635301913 9.2277161528558 
137 compton 0.001690294665278029 -10.316966851734826 6.637961165444601 
137 compton 0.011551081199639032 -2.775538804308799 -8.809468736361108 
137 compton 0.004507898343378079 -2.5836694156792217 -0.9817403492320897 
137 compton 0.002639768956386332 -1.9909886043873821 -0.9928263279663019 
137 compton 0.004209976248819788 -1.6379921799772104 -2.099320982387221 
137 compton 0.0010514704610060654 -5.224964880978738 -2.2213248276309705 
137 phot 0.038032634178470914 -12.059729458832713 5.468466850921169 
138 compton 0.03515285154260943 -0.06471596156266912 11.666666666666666 
139 compton 0.054975062155020196 -9.623927122896507 11.666666666666666 
139 compton 0.006900307987586202 -10.782038272870075 11.380844722950949 
139 compton 0.01337983435510337 -11.599222951461343 9.307547532461903 
140 compton 0.005463146427892335 -8.328979746615355 11.666666666666666 
141 compton 0.011023906297185915 -10.417169268198768 11.666666666666666 
141 compton 0.0033125663585882315 -5.796758403441142 7.338053144308344 
141 compton 0.01728630223038294 -2.680418438051109 6.285161582813936 
142 compton 0.03751421403637814 -8.89952201847524 11.666666666666666 
142 compton 0.005548792501910663 -9.845099962762601 4.785164580629537 
142 compton 0.014190775002403164 -10.379695174735732 4.303488938490957 
143 compton 0.015324207979740129 -10.70713042404987 11.666666666666666 
143 compton 0.03140844487215454 -10.426577478404125 11.304471425035763 
144 compton 0.0035454058338593164 -11.229432236020738 11.666666666666666 
144 compton 0.04476145357383901 -0.30571586549513974 6.93224111465902 
144 compton 0.01303903843328233 -4.102787214282376 4.354606779932865 
144 compton 0.011308517985290187 -2.966707029284002 1.0634629820159285 
144 compton 0.01643396524432883 -2.710883956461192 1.1085543406595442 
144 compton 0.0008699987273089876 -4.154134955101016 -0.5231435719953865 
144 compton 0.0010198758264838709 -6.736906153851139 -1.461247636462807 
144 compton 0.002070758179146273 -6.745959415710043 -1.4594048062254372 
144 compton 0.003941344688047632 -6.9522489855753875 -1.125987325807614 
144 compton 0.007345419857697516 -3.9459569285216456 2.6115871017624763 
144 compton 0.005493498841261296 -12.44475389562208 3.4151637926467346 
144 compton 0.005088268702320639 -11.907662729996225 4.116915709539334 
144 compton 0.001449962754678416 -12.156458857693815 1.3284134201008087 
145 compton 0.05127493271864686 -8.79127310743431 11.666666666666666 
146 compton 0.0516075423853013 -7.665698247959947 11.666666666666666 
147 compton 0.014657819709856718 -11.259654605872722 11.666666666666666 
147 compton 0.032113832585261085 -10.763789292499958 11.057107685893865 
148 compton 0.0029484863826692576 -11.524603774916669 11.666666666666666 
148 compton 0.02688947947141783 -10.947778623997296 11.441776890421538 
149 compton 0.041154450540677026 -6.96792324251572 11.666666666666666 
149 compton 0.01196692616968388 -10.491961549850103 -0.04851352918126395 
150 compton 0.021092561159721607 -10.581844038083961 11.666666666666666 
150 compton 0.01934967892790708 -8.254575489017087 6.951321532267847 
150 compton 0.010611977425433378 -1.806624889773076 7.951642818872891 
150 compton 0.006168876968408482 -0.3619931833903369 11.682729697427185 
151 compton 0.01887422060392599 -2.4586942815366957 11.666666666666666 
151 compton 0.008520522793127164 -2.2509127612713953 11.315889074494441 
151 compton 0.03921651844474425 -2.275020218095406 11.207528699899521 
152 compton 0.044945845238425874 -4.584908711722043 11.666666666666666 
152 compton 0.002230984080764817 -8.568956101697436 3.922975238671283 
153 compton 0.008684487931083673 -8.05613288206315 11.666666666666666 
154 compton 0.04753304330390146 -2.7856245121839596 11.666666666666666 
155 compton 0.0031319834575271877 6.120553294524276 11.666666666666666 
156 compton 0.010046397788599504 -5.736812489734876 11.666666666666666 
156 compton 0.04427733651260418 -2.217904742933635 8.614759134656488 
157 compton 0.012935161987964683 -7.872149210986967 11.666666666666666 
157 compton 0.00967382687411067 -7.309890305222334 12.275408018230907 
157 compton 0.01861375809738909 -4.893019936719185 12.405095093165562 
157 compton 0.021623300164900758 -4.109310822888634 10.39992275881012 
158 compton 0.038219025842395796 6.350915746388802 11.666666666666666 
158 compton 0.03325679427794338 5.340881799712614 5.620608396982758 
158 compton 0.016505121250899105 7.3265918197386135 9.0494652480919 
158 compton 0.008811491372995917 -0.19291836225140546 6.755384684057316 
158 compton 0.0005205190709935692 1.8386753714027253 4.186866334341324 
158 compton 0.007984850421758553 2.6020723457544737 0.9274630439894049 
158 compton 0.003341681240956712 2.4150102088046506 1.0532033681726152 
158 compton 0.0019466898763632404 3.3584224392893125 2.7189717609994934 
158 compton 0.0027768853360600615 -2.8945107250363193 10.858024615033024 
158 phot 0.03663694130963366 -1.6544812803449982 11.84531798592437 
159 compton 0.05340516237152419 -8.147489598865286 11.666666666666666 
160 compton 0.05283443223960774 -11.440883706655153 11.666666666666666 
161 compton 0.03606242367531988 -1.5557070594944165 11.666666666666666 
162 compton 0.04084191768167808 5.517721956467264 11.666666666666666 
163 compton 0.007371870920496321 -9.096098452473257 11.666666666666666 
163 compton 0.012011422285382045 -4.20871744470697 8.305083699935341 
163 compton 0.013558315736754797 -3.7837430071765388 8.406101378155082 
163 compton 0.006663254638076183 -3.6566461061596063 8.28559033297113 
163 compton 0.010838000624721941 -3.0253204483286567 -0.8365161463098207 
163 compton 0.027749310399142746 -7.138447197078398 -3.5797431990270914 
163 compton 0.004805025565223803 -3.975157057558096 -0.5112507270158062 
163 compton 0.007368384766143696 8.24875650700931 -4.144367604171499 
163 compton 0.0030235277387653595 6.626411973573222 -11.03603466955343 
164 compton 0.053742177623013185 0.02237936665915541 11.666666666666666 
164 compton 0.01003989859155581 -4.932575490838454 9.294910400939255 
164 compton 0.005103869268615391 -7.8581174765836685 11.926764764625998 
164 compton 0.01771647127000814 -8.763097196583884 11.78034017057133 
164 compton 0.008880047743976778 -4.935168388625279 9.452614682678444 
165 compton 0.0037318788687174254 -11.060730913239095 11.666666666666666 
165 compton 0.02861257337013802 -4.40045376098696 8.69224250590847 
165 compton 0.0353176466204438 -6.315603855940578 1.7465177842658397 
165 compton 0.0016101020672668748 -6.381254315797355 1.992632227442122 
165 compton 0.014707400824283845 -7.707360122489342 3.378089687650303 
165 compton 0.003146246380882803 -9.388343765825555 -0.773801259040428 
167 compton 0.009453963535896698 -9.677072414648809 11.666666666666666 
167 compton 0.018231853089888422 -8.827468793860362 12.368769996102728 
167 compton 0.01879440934925382 -0.23042497152018093 8.689674073019079 
168 compton 0.010193046581796261 -12.279700321125528 11.666666666666666 
168 compton 0.004732282931093346 -12.1361277573502 11.540674812837626 
168 compton 0.0005700414657197062 -11.850857908385288 10.731382836412738 
168 compton 0.013740386226499798 -11.28833769250149 7.23643843380313 
169 compton 0.05431369512556522 -4.144780892052269 11.666666666666666 
169 compton 0.0063786840947377965 -4.6510157767209215 11.472535957360732 
170 compton 0.010251593122683783 -10.530765522762152 11.666666666666666 
170 compton 0.012067377925072037 -9.282654529531928 10.566256469037306 
170 compton 0.009432078317520756 -5.401073882271879 11.092700703837348 
170 compton 0.027954132296859793 -3.9512630405180005 9.902976438357422 
170 phot 0.09029481833786362 -3.7817703151704745 10.37826615635688 
171 compton 0.04806121394841338 12.30715083574398 11.666666666666666 
171 compton 0.009855170623832996 6.400946495376141 3.916843608044177 
171 compton 0.01881274397265459 6.54646652405833 3.605837967144721 
171 compton 0.006007853973241162 9.744157399535757 7.445746555473616 
171 compton 0.011520437936570621 11.427529132761052 6.910682273410773 
171 compton 0.001967429568618617 10.344845904483055 10.42476322947407 
171 phot 0.05377514997666863 11.00240823383995 11.509515879176336 
172 compton 0.01195842545183598 -7.478727217610888 11.666666666666666 
172 compton 0.02854601052926936 -5.2581062247145525 9.432058402906064 
172 compton 0.005322705048558515 -7.41063083171499 7.13810960266148 
172 compton 0.009869388804473425 -8.157734037934315 -8.252773567736531 
172 compton 0.02057365895787787 -8.10701493528699 -8.284341598957548 
172 compton 0.01592061184969521 -9.750609261034269 -9.132738788201983 
172 compton 0.0037750185538632866 -3.87617363864317 -8.862886747600024 
172 phot 0.054034180804426346 -3.0938991717769633 -10.531692586515764 
173 compton 0.05327344911385233 -5.7882440188966635 11.666666666666666 
174 compton 0.0350300994238867 5.033106050624644 11.666666666666666 
174 compton 0.03550240111194268 5.007618948118914 10.995994387309446 
175 compton 0.048614592516323635 -5.600276195986015 11.666666666666666 
176 compton 0.04692080674331653 -12.282151254327394 11.666666666666666 
177 compton 0.024510225632203342 -12.002372396328196 11.666666666666666 
178 compton 0.02004218165854585 -9.840337575364874 11.666666666666666 
178 compton 0.042812025846004395 -9.679060088194348 11.96575719865912 
178 compton 0.020154997612106554 -10.046634146947802 11.653309920294568 
179 compton 0.02319918625378503 -8.100411022580083 11.666666666666666 
180 compton 0.004549553419596231 -3.985515411072349 11.666666666666666 
181 compton 0.0501345167752059 -8.782724217917517 11.666666666666666 
181 compton 0.0004206642966844143 -11.243941145614965 9.22704977015012 
182 compton 0.04438098317511148 -11.224272717785436 11.666666666666666 
183 compton 0.0031533035688962596 -1.7237884337190792 11.666666666666666 
184 compton 0.02899962383217522 -5.049013561685517 11.666666666666666 
184 compton 0.025931170482412905 -4.310334609500844 7.710399259087943 
184 compton 0.021811227490931673 -2.618123740366637 8.303443679618132 
184 compton 0.01606043154629449 -2.741399882969636 7.914341964527689 
184 compton 0.009835614760227256 -2.6859175363547845 10.985038991636019 
184 phot 0.04736193188795845 -2.214435756004466 10.174017785007837 
185 compton 0.017231777721294528 -10.49716072285533 11.666666666666666 
186 compton 0.023079215839500233 -0.9163060352357384 11.666666666666666 
187 compton 0.044397060378521855 -4.506955614258403 11.666666666666666 
188 compton 0.043114787813204575 -8.096680599680584 11.666666666666666 
189 compton 0.011846428159628108 9.704315407533157 11.666666666666666 
191 compton 0.05336363696072097 -1.785310973767567 11.666666666666666 
192 compton 0.011352749959689351 -10.879828401053993 11.666666666666666 
193 compton 0.019961951503338987 -9.923544543249223 11.666666666666666 
193 compton 0.027802507893725764 -8.328907038846001 8.728823335152665 
194 compton 0.02194929286638736 -12.238212498384472 11.666666666666666 
194 compton 0.013967770623138906 -11.112874498488644 9.207137907931834 
195 compton 0.006349089301103922 -1.0015176246882085 11.666666666666666 
195 compton 0.0014290600583941049 0.22386716951895425 10.905412993807332 
195 compton 0.03240265097719697 0.45864786462962326 10.835935263460494 
195 compton 0.024537385700515557 -4.458846003742225 -2.7249598940503077 
195 phot 0.08528181396278944 -5.270562257192818 -2.050213258404077 
196 compton 0.04763139024728286 0.7531469899216461 11.666666666666666 
196 compton 0.026244734989530977 0.16301773851215895 10.84873042331629 
197 compton 0.0144497517692391 -10.572501142833021 11.666666666666666 
198 compton 0.04651609252551499 -11.84730272684311 11.666666666666666 
199 compton 0.052954694821258766 2.0518017110667124 11.666666666666666 
200 compton 0.010198590588596651 -7.052044119736298 11.666666666666666 
200 compton 0.04717508990790008 -6.605256761527652 12.058917939277473 
200 compton 0.0020820420212459 -7.69854912268678 11.85078751651536 
200 compton 0.023316737604667154 -8.07621982650069 11.976389755246018 
200 compton 0.0013449090551860832 -5.001344725014132 11.889836563809967 
200 compton 0.005570737363288454 -3.4065832190906926 10.815849238487289 
200 compton 0.002754674073295389 -3.3118226647519484 10.894150229388535 
200 compton 0.009593920604342117 -1.4900794599235696 10.441431389891335 
201 compton 0.02930266498977012 -2.2417454662180347 11.666666666666666 
201 compton 0.0016221018182830255 -2.210275162615816 11.845901350882976 
202 compton 0.021677538246195893 -8.089089296472416 11.666666666666666 
202 compton 0.03666713345622215 -8.062983393848747 11.72234689469824 
202 compton 0.01503740210819561 -5.222998594833729 6.492709499674518 
202 compton 0.0007755176800953306 -9.226119900989053 4.785410104736757 
202 compton 0.016998152717778846 -9.271953736324567 4.740557088019834 
202 compton 0.005845176041860495 -1.673055956202817 8.367600099657324 
202 compton 0.003998288714434563 -1.4710626121945527 7.986710931119294 
202 phot 0.04900079103521711 -7.073685385776955 3.243371686442724 
203 compton 0.040265631588622994 -7.531515637947815 11.666666666666666 
204 compton 0.014464422673728161 -7.5293123079919875 11.666666666666666 
204 compton 0.01633972486078411 -7.304042564927042 11.939680576331494 
205 compton 0.022197830493899617 -4.007495954049704 11.666666666666666 
206 compton 0.04666391118711194 -10.704539464697536 11.666666666666666 
207 compton 0.01863280537087092 -10.124856792334622 11.666666666666666 
208 compton 0.04015030783341762 -8.825965513480483 11.666666666666666 
209 compton 0.008709559262141953 -10.063886823737047 11.666666666666666 
210 compton 0.028687566481575763 -6.375544528037675 11.666666666666666 
211 compton 0.032053874317517925 -6.50821301229913 11.666666666666666 
211 compton 0.02808070628608965 -6.49036328243942 11.426702836485576 
211 phot 0.08986541939639242 -6.309578303550267 11.510903161993067 
212 compton 0.03470927495897566 -8.629658411073887 11.666666666666666 
213 compton 0.03203595605588756 -7.764482349069372 11.666666666666666 
214 compton 0.005997716106994427 -1.345703517256931 11.666666666666666 
214 compton 0.0027879153157967795 -0.11148573162490849 10.928155756116135 
214 compton 0.016225307998940328 3.335458310481597 6.441064209594373 
214 compton 0.035797220052213266 2.3253173712190494 3.7315693360703106 
214 compton 0.0007210686722438908 8.378805162413709 5.864549306278184 
215 compton 0.021520302008964237 -10.174010484213655 11.666666666666666 
215 compton 0.017966587603136033 -10.094838985165397 11.500145782034563 
215 compton 0.03083922597134285 -7.254366496967519 11.7353383432617 
215 compton 0.001163821291008213 -8.158024022166586 10.90524619906665 
215 phot 0.07851006312554866 -9.643561930147783 7.272819618304888 
216 compton 0.030706195550556606 -9.733830170579433 11.666666666666666 
216 compton 0.01825931298551009 -9.719681227074702 11.780707715482903 
216 compton 0.017334633974160893 -8.060508230341433 11.954542075333274 
216 compton 0.006398938145314309 -7.819194563472627 7.718400627871312 
216 compton 0.004962665630739063 -7.304013642704013 7.462839268285693 
216 compton 0.007667342719635067 -5.822435857473765 8.335170883083029 
217 compton 0.05521722849093823 -12.091651007879708 11.666666666666666 
218 compton 0.049103463171079845 -3.1140263226830456 11.666666666666666 
218 compton 0.021855139926484843 -3.7723108750125287 12.420156869282579 
219 compton 0.03799340735338111 -7.51812895650243 11.666666666666666 
219 compton 0.024965018395697897 -7.616347186356474 11.042987666728672 
220 compton 0.006258258774647585 -9.267289560739579 11.666666666666666 
221 compton 0.05036835374391348 -4.284620618137474 11.666666666666666 
221 compton 0.017422612771269497 -8.909039372806486 7.237977982997769 
221 compton 0.016612348609234856 -7.197126341607345 5.736709209032137 
221 compton 0.00859987702425618 -8.750775355124954 5.3576977583732734 
221 compton 0.004095743159346528 -6.3186399129080035 -0.1539181482540437 
221 compton 0.0085656538358177 -0.25728755380218793 0.4831475995507901 
221 compton 0.003602618597784532 -3.693733382870513 2.0114330333189123 
221 compton 0.0005825944517951279 -0.9700929001539298 7.829050118921562 
222 compton 0.033529697919450596 -7.873886602782797 11.666666666666666 
222 compton 0.006302900442553716 -7.848234594476918 10.336563999643854 
222 compton 0.02798092348499566 -8.253815591589579 9.859877862751771 
222 compton 0.003592203896123816 -8.063383633748055 9.843217401069372 
222 compton 0.013720933747212685 -3.851293917077525 4.948052150842651 
223 compton 0.003986538163419651 -10.458731493417227 11.666666666666666 
223 compton 0.016853712648273844 -3.4568034430532153 8.415375052440535 
223 compton 0.02944503685135072 2.4221778380137273 12.114918128766234 
224 compton 0.007592666646940388 -10.568789518607566 11.666666666666666 
224 compton 0.04240930174738633 -7.251215111982656 9.336920507165672 
224 compton 4.354175530643656e-06 -11.753218533786516 7.382329706456073 
225 compton 0.004476326953963161 -2.2475412589396786 11.666666666666666 
226 compton 0.001244031587728761 -7.675701815833893 11.666666666666666 
226 compton 0.0058094629096866746 0.7365881907243335 9.614514079034791 
227 compton 0.026230130616824263 -2.553629213871478 11.666666666666666 
228 compton 0.0025397823888676507 -11.173164127576891 11.666666666666666 
229 compton 0.05473036250762835 -3.714064091759436 11.666666666666666 
230 compton 0.04622651192089734 -11.927197417466164 11.666666666666666 
231 compton 0.006902248663778282 -4.081920315596124 11.666666666666666 
232 compton 0.027506370524846627 -12.119709926000688 11.666666666666666 
232 compton 0.007700420661895496 -11.003348338817121 7.049666975910945 
232 compton 0.003867399254671014 -7.401495721669287 4.757238865401126 
232 compton 0.01723885214027117 -0.10089461749009221 4.741237516313212 
232 compton 0.001107487020023848 1.122589352348267 -3.3130623804744 
233 compton 0.02317685858847035 -10.17668312688916 11.666666666666666 
234 compton 0.0025188611926579285 -8.446550469352127 11.666666666666666 
235 compton 0.004981105423841142 -11.754951522490519 11.666666666666666 
235 compton 0.03875714880534363 -6.523342659439177 8.88554702396659 
235 compton 0.020963118293819444 -9.703250889242383 5.657092588251954 
235 compton 0.009490649225556563 -8.177481195613902 4.6244899646872355 
235 compton 0.005454336416815739 -8.531460648160499 3.631031208226576 
235 compton 0.004432306880753897 -8.186994218305514 3.2467412961959514 
235 compton 0.011754862326703724 -8.647172360816544 1.7742219874769645 
235 compton 0.007651495902484685 -5.846213157724884 3.1199759943585716 
235 compton 0.005802148001835074 -10.748702795529267 6.04765647486486 
235 phot 0.040712828722846095 -5.3949880541730835 8.51121378700444 
236 compton 0.015016170123345551 0.3880514014384442 11.666666666666666 
236 compton 0.04175735697995868 4.0042411642255855 7.102738476769748 
236 compton 0.0015016510785216403 4.069143650821919 7.5936857187887945 
237 compton 0.006945999018948712 -1.4984487272544253 11.666666666666666 
237 compton 0.0433061833973543 7.839086101591501 5.50339742521923 
237 compton 0.021929115969627364 4.381036665314372 4.024967011025458 
237 compton 0.00909201184362457 4.686040161127072 9.502405394738542 
237 compton 0.0006930116411679593 4.711344420432604 9.50433352015811 
238 compton 0.003570995045278774 -11.778827161875395 11.666666666666666 
238 compton 0.033719033748974864 -0.13896588132315557 6.60068146086091 
238 compton 0.0029057831521910465 -1.2739273355838283 4.278055838565859 
238 compton 0.011839653584239246 -3.0329585088050575 3.018605435208255 
238 compton 0.024731111353986424 -10.809509791810925 7.231976780941228 
239 compton 0.013073493211955306 -4.834199508758837 11.666666666666666 
239 compton 0.031051785070740925 -2.429107307783887 9.035871457198489 
239 compton 0.024692210457334246 -10.062125854646942 3.281991788599912 
239 compton 0.010442328344079738 -5.0285692077710795 0.925609389710595 
239 compton 0.00024457466070160194 -7.731540414071111 -6.107220726484073 
239 compton 0.007328179478510055 -10.394581355667935 -10.07354049035288 
239 compton 0.0045266006271752895 -11.136827979985332 -9.731748955648124 
239 compton 0.00795023611913908 -11.153897808900021 -9.74778792228311 
239 compton 0.008173511620595063 -12.446667888463338 -6.499916838080372 
239 compton 0.0011730716083896212 -9.651142561832124 -9.604984426308562 
239 compton 0.005182861533313231 5.240608391651694 -9.403726179558882 
239 compton 0.001956411139752083 4.567947042917601 -8.864072084506406 
239 compton 0.0021420373536353704 6.905526540082814 -4.408757042800073 
239 compton 0.0016455887095684803 11.092634675641387 -6.595328150643754 
239 phot 0.030417110065109904 10.165831744261412 -9.190131393087794 
240 compton 0.01257741782936328 -12.124114143405846 11.666666666666666 
241 compton 0.053175517683390724 -12.033628158920324 11.666666666666666 
243 compton 7.055382182075132e-05 -11.159891160447923 11.666666666666666 
243 compton 0.04617882174813798 -9.077619949986532 11.784714106229458 
243 compton 0.029244749360615135 -9.74602657431793 10.521601053422419 
244 compton 0.020953214746526477 -9.398094172832355 11.666666666666666 
245 compton 0.016090843003267796 -3.9611297923374735 11.666666666666666 
246 compton 0.03691786892960794 -12.112104909026895 11.666666666666666 
247 compton 0.044806916492473106 -10.085198430967461 11.666666666666666 
248 compton 0.028411078844885876 -9.614203057071967 11.666666666666666 
248 compton 0.03785202571660559 -6.355885492935834 -3.97110729585623 
248 phot 0.08373689543850853 -6.355310878540877 -3.9688202267804837 
249 compton 0.02465464489949884 -11.057203707843787 11.666666666666666 
250 compton 0.025531609204405947 -11.960729307019777 11.666666666666666 
250 compton 0.0018752236386176818 -7.316353353286319 -3.0364806417826546 
250 compton 0.034005189552943266 -7.624425443129269 -9.153582865574887 
250 compton 0.020340519945147045 -0.4469761703763062 -4.314497951740129 
251 compton 0.0024640003180629033 -2.8640120220920515 11.666666666666666 
252 compton 0.05084421940926702 -0.059947696482991475 11.666666666666666 
252 compton 0.004369353965662806 -2.0760602610366745 9.871474273568555 
252 compton 0.02220666889259118 -2.7708934899957964 4.925696055090451 
252 phot 0.07257975773247899 -5.602135017649923 8.125641273215503 
253 compton 0.04970501066929879 -10.270464998140387 11.666666666666666 
254 compton 0.052130676930421255 -7.953123719069793 11.666666666666666 
254 compton 0.013332137337371527 -9.991162698593824 10.215413776900549 
254 compton 0.0029891219578391665 -12.076529349455337 12.255838181827377 
255 compton 0.013086175853239956 -6.195808314033915 11.666666666666666 
256 compton 0.05068411230651691 -4.640252749454049 11.666666666666666 
257 compton 0.003980834154403506 -7.650536407184432 11.666666666666666 
257 compton 0.008815034538440847 -7.322503923993652 11.818856569266874 
258 compton 0.040166975574098845 -8.630063388673971 11.666666666666666 
259 compton 0.009234553642592375 -11.058573441428548 11.666666666666666 
259 compton 0.026237581063610738 -7.368858832894174 8.67266278654404 
260 compton 0.01236603709673259 -10.982989092429525 11.666666666666666 
261 compton 0.02550698875562922 -8.727907659228302 11.666666666666666 
262 compton 0.015607939376067276 -5.735083340467062 11.666666666666666 
263 compton 0.0021566780494520765 -8.665261678608315 11.666666666666666 
263 compton 0.016088367713623403 -5.854478323345529 10.745851908693549 
263 compton 0.03997825640487969 -3.924135511562931 4.497426861437897 
264 compton 0.011409412644061645 -0.9046493822191142 11.666666666666666 
264 compton 0.0030754797956764612 -0.07753221903395724 12.46492637967063 
265 compton 0.021008093489883473 -1.4321791383637965 11.666666666666666 
265 compton 0.007812085516284706 -1.1012565361695923 11.001040366859034 
265 compton 0.011287227023896257 4.019598454473733 8.964101311317142 
265 compton 0.026777642511591968 6.95791919082575 10.929338858797012 
266 compton 0.0451416626287484 -2.518164777507593 11.666666666666666 
266 compton 0.00016899645414597542 -5.817820203173471 5.411539259469991 
266 compton 0.027976420354988457 -8.124265565426013 -0.7179366933316755 
266 compton 0.010210138782414599 -1.5326681457306055 3.187805532902348 
267 compton 0.028707049249561342 -9.616863966105853 11.666666666666666 
267 compton 0.03373980301043428 -9.576036088488173 11.459908603582502 
268 compton 0.017677992817352883 -6.722453386031107 11.666666666666666 
269 compton 0.02952990693476333 -8.500985092428252 11.666666666666666 
270 compton 0.04396701940170181 -10.520268268307126 11.666666666666666 
271 compton 0.04720672191245849 -8.273022463614208 11.666666666666666 
271 compton 0.001913957405206751 -8.64435900910371 11.123649867750622 
271 compton 0.02233779935891958 -9.498284042628496 5.8984132021504765 
272 compton 0.046957881499687965 8.106436362657073 11.666666666666666 
273 compton 0.030958202778986144 1.7002886293036568 11.666666666666666 
273 compton 0.018693575061608236 2.9030697622007304 1.1900211881731781 
273 compton 0.009100650533111501 1.204403071947974 0.6346078557849346 
274 compton 0.013748380111242103 5.63115943448974 11.666666666666666 
274 compton 0.019278649055213412 8.819849138042718 8.000397980298617 
275 compton 0.02413835909409609 -10.920906229881986 11.666666666666666 
276 compton 0.05345172869109538 -8.96064684405335 11.666666666666666 
277 compton 0.006359180377182472 0.35212327569649027 11.666666666666666 
278 compton 0.03716846921276051 -9.997507599462802 11.666666666666666 
279 compton 0.0008691901165191473 6.915478890522108 11.666666666666666 
279 compton 0.021027806290338957 8.047578845833927 11.437642362532271 
280 compton 0.04430623175384191 -9.322196160782514 11.666666666666666 
281 compton 0.0181020444536861 -9.908288798993656 11.666666666666666 
282 compton 0.041507795540393536 -1.4784764455598918 11.666666666666666 
282 compton 0.028831353282650796 -2.9115036935712997 7.165245762502914 
283 compton 0.02255883253872637 -0.25023794774049435 11.666666666666666 
283 compton 0.00017839613903450346 0.834582536396753 9.1584857198829 
283 compton 0.021858326106979034 2.448459936825887 6.302106162039506 
284 compton 0.0009458652592116423 -9.44202148036137 11.666666666666666 
284 compton 0.03764129573125488 -9.313111110462323 11.6939151233861 
284 compton 0.028197320119503586 -9.18620075841513 9.125948683026158 
285 compton 0.01976488215100322 -5.008828188919578 11.666666666666666 
286 compton 0.00920696588529521 -5.671426330300216 11.666666666666666 
286 compton 0.03100093902007023 -0.20209109564480965 7.238834319140046 
286 compton 0.02955764464596726 2.150356542897081 10.296743576999178 
286 compton 0.0029213542992036212 -9.993521806530731 8.581806585989158 
286 compton 0.015404896535479502 -10.8739683506034 7.582032469692125 
287 compton 0.023689835210740917 1.1794877388985565 11.666666666666666 
287 compton 0.0055054854293954125 1.3943391912721037 11.11176764406887 
287 compton 0.00795010093395411 1.8397240986847483 10.817156971681767 
288 compton 0.019714698484590232 -5.431767433305402 11.666666666666666 
289 compton 0.0270996253511763 -9.627483615798855 11.666666666666666 
289 compton 0.003583424590431067 -9.415549403955342 10.841723762269364 
289 compton 0.018799952946169596 -0.34205733035819996 1.2293032800739603 
289 compton 0.02730629954926571 2.2797062458495874 2.859294197817481 
289 compton 0.013470743714836683 -2.3355089665032973 2.412891633147251 
289 compton 0.0013184918984383287 -2.0088979013188717 2.9902475955259034 
289 compton 0.005140446602250458 -2.2212453497561535 4.796862366142667 
289 phot 0.053281015347431855 -2.214492526128121 4.79875870819455 
290 compton 0.0005715505462220438 6.048945195205173 11.666666666666666 
290 compton 0.039355646586088935 8.967494134376166 11.190855920900155 
291 compton 0.01806011691975981 -11.914351989154573 11.666666666666666 
292 compton 0.006856054669532929 -11.0932672642075 11.666666666666666 
292 compton 0.01033709981063649 -8.395676993167145 9.901900050692358 
293 compton 0.006610619020475911 -5.411758191539919 11.666666666666666 
293 compton 0.041898016770271315 -3.5816864763201783 10.498639671676038 
293 compton 0.007081188705479857 -10.38981173887351 6.671713948861873 
294 compton 0.018829211284477343 -8.318454249725775 11.666666666666666 
294 compton 0.012389894159214529 -5.002426965787598 6.088335471621531 
294 compton 0.027194164632402595 -1.8466090701223443 5.774073070127466 
294 compton 0.01610348307844195 -4.126905488849112 0.07012780993271672 
296 compton 0.04335184980339356 -7.231942591672905 11.666666666666666 
297 compton 0.0020765478885561572 -5.861349073857896 11.666666666666666 
297 compton 0.029949230899957532 2.4562157434485723 8.99762535059821 
298 compton 0.026666312574919193 -10.270237373966719 11.666666666666666 
299 compton 0.014552211755214844 -10.298436640695666 11.666666666666666 
300 compton 0.0444753610971054 1.067874424162337 11.666666666666666 
300 compton 0.0026268076970715065 -3.0019507310034035 3.26149179796095 
300 compton 0.00022465300038534974 -10.053974319347073 -1.7449773452129156 
301 compton 0.018693448686934372 -3.7177587637976917 11.666666666666666 
302 compton 0.010149343310755954 -11.17833907756926 11.666666666666666 
302 compton 0.0006063878641102693 8.966226235965758 -5.949446507334963 
302 compton 0.04607240771462133 9.419568607853524 -6.517420253579558 
302 compton 0.012149328077303345 7.177947125036335 -5.876355699322804 
303 compton 0.010214638667559034 -5.2811977828782135 11.666666666666666 
304 compton 0.05472459577378189 10.323193924533745 11.666666666666666 
304 phot 0.09527540422621811 7.0689942588740955 10.676971090035389 
305 compton 0.010387204487662033 0.9152980666079493 11.666666666666666 
305 compton 0.007566191612231904 7.573517166143834 5.732713318975767 
306 compton 0.048090268751795354 -10.020903107654698 11.666666666666666 
306 compton 0.01861940255915863 -10.964016045615798 10.43376627029956 
307 compton 0.048491023456944726 -8.67395247812366 11.666666666666666 
308 compton 0.04341897332485539 -7.415069836025175 11.666666666666666 
308 compton 0.005362150124458537 -7.754321653731326 10.860333845485721 
309 compton 0.0048625483176910345 -12.438609755643276 11.666666666666666 
309 compton 0.022828431326771745 -7.53717683676688 9.099716786845546 
309 compton 0.027242708490813644 -6.804922612545541 9.766184976427335 
310 compton 0.002537415403369714 -10.318198525246421 11.666666666666666 
310 compton 0.00523689994853152 2.3926100951543745 7.111724470992236 
310 compton 0.01142486508345264 10.572087524799379 -2.2897191684246074 
310 compton 0.02557015723425618 10.457581031661723 -3.4476308181980815 
310 compton 0.023925957708529733 7.6902156589332735 -3.3151277953369958 
311 compton 0.054883541889188134 -11.829520895773758 11.666666666666666 
312 compton 0.029898222752982664 -10.853467602428292 11.666666666666666 
312 compton 0.010346524735753523 -10.670400964783143 10.47580972470629 
312 compton 0.02369224402603287 -1.4639633375597345 5.569840611609785 
312 compton 0.007907314415923752 -10.259525012331908 -3.4075140162613957 
312 compton 0.004259270365827933 -10.011508733691388 -4.019747158139782 
313 compton 0.030658416137421166 -4.1041853987006665 11.666666666666666 
313 compton 0.010994991345834926 -2.838047025409035 1.6039042051281882 
313 compton 0.019090004337640645 -1.1814210804152512 0.7501663300313659 
313 compton 0.007192134781547191 -4.230978738270794 -5.042672689785631 
313 compton 0.009849241870435357 -0.5482502093517443 -10.856600846840797 
313 compton 0.01318570806865755 4.0776820988607785 -8.827731619936577 
313 compton 0.006034426845419064 2.6032434363474826 -7.947935280278478 
313 compton 0.00297246369626996 5.584237015902925 -2.785974863688498 
313 compton 0.002560350415524819 9.835576180319961 -3.137530279400633 
314 compton 0.02400140649087215 -1.2219536392210113 11.666666666666666 
315 compton 0.053774710863465094 -10.182718799501963 11.666666666666666 
315 compton 0.010849512448754137 -11.311453310876004 11.132163698058871 
315 compton 0.0026844694056821633 -10.968160395046857 8.054593716425684 
315 compton 0.016664179239628082 -11.164463855336558 7.7140065585762745 
316 compton 0.031538577828547784 -4.027003807365171 11.666666666666666 
317 compton 0.03516474899847019 -10.023444861596253 11.666666666666666 
318 compton 0.03911065999565114 -1.3291645358013078 11.666666666666666 
318 compton 0.032667779530618515 -1.620689380716493 10.249796063287661 
318 compton 0.004580514355488674 -0.18850877825543977 12.370757965722893 
319 compton 0.04761437355095706 -9.660883796991074 11.666666666666666 
320 compton 0.04315530620919297 -8.395701393500458 11.666666666666666 
320 compton 0.0009177265380688054 -9.201069402970381 9.681759420610186 
320 compton 0.009203824622984594 -10.382604534936956 8.203587352543714 
321 compton 0.031048533322096755 -11.40267379100759 11.666666666666666 
321 compton 0.0071003320569401895 -10.102370965749111 0.0030188764201959373 
322 compton 0.002854748579156796 -4.020279217694103 11.666666666666666 
322 compton 0.03901714212115821 1.7406926659842803 9.4612770814721 
322 compton 0.022209123419394752 0.2787848876306591 7.420031447059249 
322 compton 0.0028662955488317904 -2.0590743105353324 10.054329993953287 
323 compton 0.002972447305789827 9.441211512868493 11.666666666666666 
324 compton 0.05484573009821364 -4.551260409258002 11.666666666666666 
324 compton 0.02353128371420453 -10.611667489275714 9.984247713174003 
324 compton 0.005363953898375878 -9.489099470626963 11.627744575816108 
325 compton 0.02690655486741962 -11.86691234925762 11.666666666666666 
326 compton 0.006194899773700663 -9.816230611999028 11.666666666666666 
326 compton 0.018134759081292362 10.298371735432063 -0.6274832023501169 
327 compton 0.04155642434355515 -10.634237306871842 11.666666666666666 
328 compton 0.009504168956352338 -6.764503482354871 11.666666666666666 
329 compton 0.008333540060974282 -9.619370420759815 11.666666666666666 
329 compton 0.029837317108881836 -4.476614988444959 7.804277305904436 
329 compton 0.00952859834757748 -3.1467846083341833 9.442836216124272 
330 compton 0.021876655147432256 -11.423565963021865 11.666666666666666 
330 compton 0.013392970033361068 -11.006956630004261 10.76208777766262 
331 compton 0.01108942096749932 -9.42969628782755 11.666666666666666 
332 compton 0.025786889473578337 -0.9779020708837098 11.666666666666666 
333 compton 0.03595015045291851 -8.045081463006209 11.666666666666666 
334 compton 0.01170223657820238 -7.907796889957202 11.666666666666666 
334 compton 0.04529408722672475 -4.6666417667213125 8.46785483777577 
334 compton 0.007023252690802909 -7.354926449354059 8.831506820407622 
334 compton 0.020502051977615815 -11.087914352346962 4.560240521738985 
334 compton 0.01335385881923367 -10.873712980460809 5.708205433723258 
334 compton 0.0003807224176848381 -11.78670232839071 -0.4036801103516652 
335 compton 0.012749246264794872 -6.267913214262218 11.666666666666666 
336 compton 0.016734338235645213 -11.600002409879613 11.666666666666666 
336 compton 0.0167625729220552 -10.370495969157938 9.90455244114262 
336 compton 0.02844846706731581 -1.6341254588842364 11.174502185642678 
336 compton 0.005212154546779313 -3.848017088258607 3.642017474470304 
336 compton 0.010841854930781866 -4.7430726765895415 3.26148912904667 
336 compton 0.00901118299122948 -1.8204978864254917 -5.249818905921384 
336 compton 0.00833267110259693 -2.122022606272308 -5.348220718021935 
336 compton 0.006299257251424897 -2.4903010524300626 -0.5369829465368374 
336 compton 0.006729562867848871 -6.351123441286534 -1.7145125397462677 
336 compton 0.005372131827220128 -6.238746502438202 -1.5043469256962196 
337 compton 0.050246234922760175 -10.175326657854619 11.666666666666666 
338 compton 0.04469707691577973 -7.122825024070849 11.666666666666666 
339 compton 0.00815792585885694 1.7969880624478929 11.666666666666666 
340 compton 0.03287385067682247 -8.936324790329229 11.666666666666666 
341 compton 0.053249508684312566 -11.066882734512966 11.666666666666666 
342 compton 0.0005560431733982463 -10.80474893856562 11.666666666666666 
342 compton 0.032065133508369606 -9.305359831667083 11.907695321925745 
343 compton 0.009274560276104182 -5.5285850002009695 11.666666666666666 
343 compton 0.0031278206563220834 0.1485545374961328 7.0445492041003295 
344 compton 0.008280568920178255 -11.983441977315728 11.666666666666666 
344 compton 0.0008713475591557995 -4.00688424413841 5.703996279770995 
344 compton 0.02117877143182134 8.5778980580382 -0.0722517326594243 
344 compton 0.0011147435752070084 8.711500384399532 0.05845752529900214 
344 compton 0.028848350348980464 11.182081498251451 1.3766187898714428 
344 compton 0.016970157516225867 10.663648557370179 1.7995151622799679 
344 compton 0.004919309287179777 11.888567331711464 2.5526576912455266 
345 compton 0.04567762457673058 2.2978887065043594 11.666666666666666 
346 compton 0.00873859669364871 -4.218397973390811 11.666666666666666 
346 compton 0.012405400024720875 11.169260730320032 -0.3052384154663397 
346 compton 0.004940972528761106 11.500916247037605 -7.112488365248151 
346 compton 0.030317254857242945 11.449247192420014 -7.202444524905412 
346 compton 0.004386009878946731 7.351089885017455 -2.4058766661456 
346 compton 0.020301774253702998 6.0784203501295 -2.260665658356575 
346 compton 0.0016999845351209075 6.5310222957101365 -2.8629198704076817 
346 compton 0.0009189873058326192 11.755491967811702 -4.501097718376907 
347 compton 0.029460194092880698 5.282471757294653 11.666666666666666 
348 compton 0.05075481106960435 -8.45623091948477 11.666666666666666 
349 compton 0.01102758804093329 -11.046205077533969 11.666666666666666 
350 compton 0.0502463411268467 2.88827885129497 11.666666666666666 
351 compton 0.01447970681934832 -5.853489802816292 11.666666666666666 
352 compton 0.03252905200090778 -12.308621002423916 11.666666666666666 
353 compton 0.028085957677016854 -7.993099152953205 11.666666666666666 
353 compton 0.02608427493079929 -7.950479834165907 11.86008210713624 
354 compton 0.04591051497902905 -10.369815546448056 11.666666666666666 
355 compton 0.02078622232627353 5.513753579820017 11.666666666666666 
356 compton 0.035069294200225296 -11.167686473885041 11.666666666666666 
357 compton 0.024039656764250267 9.688628186448666 11.666666666666666 
357 compton 0.026123630739601555 9.874136128491346 12.163433286631905 
358 compton 0.002728918814664749 -6.1150172831417695 11.666666666666666 
358 compton 0.048133777201736866 0.17059120058684574 9.320721079575575 
358 compton 0.025126490717606906 -1.3453304973310896 8.570745958522476 
358 compton 0.0032948763457486263 -0.9084398146701922 9.638055890767749 
359 compton 0.030120988803964882 -0.27974194968352606 11.666666666666666 
359 compton 0.002526836026974552 0.21923252502364193 8.238545433945635 
359 compton 0.030456100651152437 2.5759155677395027 4.612533478552644 
359 compton 0.005291860784453498 -3.2908064192404183 4.4820525319123306 
359 compton 0.005736071623653596 -6.8563241316854056 8.80857520310251 
359 compton 0.017206242706553257 -6.889910258843613 8.804022992867878 
359 compton 0.008716830013363541 -6.263901393469419 9.0369671990324 
359 compton 0.008137139273606424 -7.841228725468217 0.8782161752705431 
359 compton 0.0036900656964598474 -6.881101722649497 3.748403689460218 
359 compton 0.004440986112136697 -2.8988605671294 1.536129220799853 
359 compton 0.0035224685649182345 -8.74545220443703 0.422198477536869 
359 compton 0.0005295101378755517 -8.456702564836151 0.2645426021096022 
359 phot 0.029624899604887477 -7.51475503013867 0.5555877023813134 
360 compton 0.011192568786622448 -8.835671158790744 11.666666666666666 
361 compton 0.048493575743931885 -10.132755564657263 11.666666666666666 
362 compton 0.05002568272089207 -9.775747532430836 11.666666666666666 
363 compton 0.044967063637276025 -9.932616889232111 11.666666666666666 
363 compton 0.004785338946499379 -10.355911079887772 12.487182022291861 
364 compton 0.02029673941354579 -11.639552404291454 11.666666666666666 
364 compton 0.02497000748378929 -4.489234035281188 -1.8758930065321664 
364 compton 0.0013244659671597242 9.008980724106703 4.233971624757686 
364 compton 0.001858250679966797 10.20039029902294 5.413637813125089 
365 compton 0.005064802103765115 3.292288367145206 11.666666666666666 
366 compton 0.05036841359529792 -5.7966268336919295 11.666666666666666 
367 compton 0.011419948491600496 -5.682009027902329 11.666666666666666 
368 compton 0.018738315764180086 10.75835243154163 11.666666666666666 
369 compton 0.024013498854380283 -7.0005041976983176 11.666666666666666 
370 compton 0.04067766495303783 -6.5966686957871 11.666666666666666 
370 compton 0.009068453347320218 -7.054707865141412 10.01732844880901 
370 compton 0.005455872300804104 -7.1363624369604155 9.98803933237233 
370 compton 0.0015340117425999417 -7.547627920223323 9.115258072947464 
370 compton 0.02341242933722304 -8.219812241668274 8.541958489270732 
370 compton 0.012172658296505275 -7.573552253846895 10.7511746854432 
370 compton 0.010590387299666618 -8.836097967463624 10.37377767384189 
370 phot 0.04708852272284297 -7.57215539349372 10.927532259650642 
371 compton 0.013262002898905029 -10.922038436871297 11.666666666666666 
371 compton 0.03477624998662791 -7.234504316769089 7.576364958833116 
372 compton 0.04850203320060091 -9.709135134401109 11.666666666666666 
372 compton 0.020834874909875956 -11.575108300863638 9.35386036478156 
373 compton 0.004312129932994596 -11.385934530103349 11.666666666666666 
373 compton 0.03349841358797377 2.699410700806025 4.811668186670137 
374 compton 0.015915505950196196 -10.42428372878949 11.666666666666666 
374 compton 0.02719902948328015 -3.1646406081772716 1.8765811055164043 
374 compton 0.027422708094059375 -1.949265188141465 2.7221324575434895 
375 compton 0.055065648337728965 -2.2656335405075243 11.666666666666666 
375 compton 0.013486095558519068 -5.319758240343937 12.34811525265977 
376 compton 0.0037009802838225137 -0.04604883170050478 11.666666666666666 
376 compton 0.005795673497431597 1.160568417170264 12.202909876410954 
377 compton 0.005415669655509298 -11.996893356606192 11.666666666666666 
377 compton 0.018836448969656 -4.4596381442266075 7.443596662620438 
377 compton 0.01670082252775082 -3.5579053985287143 8.021749388854536 
377 compton 0.003192283030900467 6.0063976120192315 1.2882730062799377 
377 compton 0.012794929433705277 7.662400193046551 -2.4272371271603217 
377 compton 0.010672459765807302 2.433689525693402 -7.41915813306669 
377 compton 0.002027288185190601 4.796908584919466 -12.078604476237144 
378 compton 0.020876650672485536 -8.849880056026093 11.666666666666666 
379 compton 0.005230494333717639 -0.9258544860770943 11.666666666666666 
380 compton 0.010404890178652176 -5.411019705601442 11.666666666666666 
380 compton 0.031414087146218045 0.4399764081741129 6.444809884836991 
380 compton 0.02349283460837072 2.3319502285273317 8.854499250583105 
380 compton 0.0015533948797299413 4.25269092746358 5.98351548784434 
380 compton 0.0030204133801406824 4.517069836172421 3.59398851981623 
380 compton 0.00024006707151856543 2.2550978822897045 0.1749926157923194 
380 compton 0.0006819575002281197 -0.38670012823350586 -2.4922647737380434 
380 compton 0.002140245649161765 -1.4312369976875499 -3.005507405215726 
380 compton 0.015263891262010464 -1.5827262748059272 -2.9824055921512156 
380 compton 0.005412166076649898 -0.03931697759510788 -1.609044199574049 
380 compton 0.0036699767682811454 0.9222150590325903 -2.3191245431106173 
380 compton 0.008499763926383547 1.672368988741313 -1.8520219833338634 
380 compton 0.005210095689440211 1.239556310493318 -2.6702492076999653 
380 compton 0.004768923883355092 7.596353836638629 -2.102197586496028 
380 compton 0.001356015886451685 7.019774752410612 -2.5764749761548646 
380 compton 0.0009121109398285906 7.4991229337060705 -4.159094690463978 
381 compton 0.05074291903946988 -11.266762535709336 11.666666666666666 
381 compton 0.01788353084290341 -12.385095251518454 10.654977824188947 
381 compton 0.0008364039761680347 -12.194072393508018 10.492899865728235 
381 compton 0.015209079772631001 -11.593938047967816 10.280299337663255 
381 compton 0.005979943846290241 -11.860974086695293 11.967594886653181 
382 compton 0.0033640297779469752 -11.42777194337252 11.666666666666666 
382 compton 0.010069006132708058 -7.112931415646067 9.85265532451977 
382 compton 0.03327069313281901 -5.673416293108033 6.792252787088035 
382 compton 0.01718432207660836 -1.0731215841465254 10.262716173988016 
383 compton 0.028958928018298025 -9.219850368292105 11.666666666666666 
383 compton 0.009139047129073152 -8.16789365711441 6.077290268199659 
383 compton 0.03302711862714053 9.705791769954248 -4.357640774637972 
383 compton 0.015974431645551623 8.860334544095396 -3.173347380616798 
384 compton 0.014760879305333846 -4.4716623354783565 11.666666666666666 
385 compton 0.003609378020029752 -4.415184013769974 11.666666666666666 
386 compton 0.0020355531183009756 2.5403988872492924 11.666666666666666 
386 compton 0.01783547566925059 3.106598097887079 11.48694164175044 
386 compton 0.011306374014146414 3.7115588917525946 12.00562691575654 
386 compton 0.036344613444590904 4.76814506822412 11.807706908662919 
387 compton 0.015026980450881411 -4.389304412867483 11.666666666666666 
388 compton 0.053608497112767245 -11.895114786765248 11.666666666666666 
389 compton 0.031322620428962195 -9.225369939683134 11.666666666666666 
389 compton 0.009673436383067821 -8.922103113087918 8.675657373642322 
389 compton 0.022123633104661714 -10.547355449976976 7.108820052181506 
389 compton 0.01551099783299062 -10.161412249875713 6.839816435466415 
389 compton 0.0038273469162084933 -11.505546887724906 5.752697283362439 
389 phot 0.06754196533410915 -11.122463664499127 -3.0050532914165373 
390 compton 0.04994019479863211 11.542664490988143 11.666666666666666 
390 compton 0.025513765553039136 10.316317326025509 10.41652027541014 
391 compton 0.05211729289440703 -11.710237504828449 11.666666666666666 
391 compton 0.026862966495780113 -11.886499353710375 11.792506684400813 
391 phot 0.07101974060981285 -5.331945417444386 4.396074369812716 
392 compton 0.01386232864370096 -10.667779325435905 11.666666666666666 
393 compton 0.009038448815124278 -10.477129927258982 11.666666666666666 
393 compton 0.011599362486152065 8.635551690298726 -3.588569551464074 
393 compton 0.01369278562243223 8.689555609824248 -4.390104905525337 
393 compton 0.02451290749437833 9.494705719223438 -4.823857368644248 
393 compton 0.007043482585038924 7.642513393217907 -7.09913555460021 
394 compton 0.019626606994478185 -6.456998189019015 11.666666666666666 
394 compton 0.009107256978939215 -2.6797556586428515 4.895265027090204 
394 compton 0.024812107495502597 -3.2228671055103955 2.9968363598762933 
394 compton 0.001295137049712028 -4.1475257047659895 3.347764990517905 
394 compton 0.0014737964026602796 -6.30752555537355 5.339133546439875 
394 compton 0.013609083874028316 -8.118317586786794 9.482646241631372 
394 compton 0.0013117675918598304 -8.569566382713033 9.323563340078149 
394 compton 0.018090218722631675 -11.035689396765623 6.763128317910542 
394 phot 0.06067402489018787 -10.909543892759768 7.059633850257372 
395 compton 0.048447114386801424 -3.62230117946123 11.666666666666666 
395 compton 0.026213316072641005 -9.670720832345218 4.116045905230383 
395 compton 0.01103428101309828 -9.715600273788892 5.086794749063215 
395 compton 0.008568676904789595 -4.241384706355842 4.435667840056848 
395 compton 0.0020299431370315174 -4.656000444128056 3.270596980707216 
395 compton 0.0036003880188994475 -8.151764561660254 1.9136386267493843 
395 phot 0.05010628046673873 -9.590481738972757 3.6493146340053944 
396 compton 0.0046089938044724665 -1.6390732405320954 11.666666666666666 
397 compton 0.03731857805267781 -3.969019749424559 11.666666666666666 
397 compton 0.028897409482663075 -6.5258375963811375 -8.106093274369384 
397 compton 0.018442399244723018 -3.460429016808575 -6.546060293443233 
397 compton 0.00287657743003409 -3.6761936396721504 -7.1656601780468545 
397 compton 0.012039990297541318 -2.426644962982445 -9.243715191886965 
397 compton 0.0067423334623996425 -6.369874511668673 -5.7675954901558395 
397 compton 0.00019585848170400322 -6.127610892712829 -5.706023375605662 
397 phot 0.043486853548257036 -3.898194102261839 -5.8784080215959005 
398 compton 0.0011843310456319256 -4.552303249414821 11.666666666666666 
398 compton 0.0026043308363453144 -4.003585283073048 11.797107762777507 
398 compton 0.02802074789687821 -3.3417356984766435 12.235424812743107 
398 compton 0.024192918546495287 0.9279159967081805 7.718040980622377 
398 compton 0.01408109383758678 3.75857882586274 11.074881275970867 
398 compton 0.01812060309304754 7.011358602106361 8.558639738772076 
398 phot 0.061795974744014937 -4.404402070137294 10.319133258170323 
399 compton 0.0198826305795827 -11.284236953374684 11.666666666666666 
399 compton 0.041437421506138106 -6.245558781556585 2.443866730455081 
399 compton 0.01844225749455801 -6.027783141459785 5.077126982446939 
399 phot 0.07023769041972118 -4.001253932684996 3.6267201521007317 
