0 compton 0.05496183337052257 -10.702477589569492 10.0 
1 compton 0.018767763790174974 -10.544897850902107 10.0 
2 compton 0.04259648871698163 -12.461341297297453 10.0 
3 compton 0.01672407599038475 -10.562569176236279 10.0 
3 compton 0.015427431566708338 -9.258858517209944 8.132970043699249 
3 compton 0.0021540286865393415 -9.954681889505194 6.654365637473927 
4 compton 0.051693945301922645 1.203464362001041 10.0 
5 compton 0.05050388733435855 -7.627369126303681 10.0 
5 compton 0.0007839377000529307 -12.060505575298201 5.839977882136806 
6 compton 0.0034335740843253193 -2.257506289305944 10.0 
6 compton 0.023838229888368465 -1.1336232036045257 9.521881583731831 
7 compton 0.01793119578939592 -10.458978280990694 10.0 
7 compton 0.04097385223622563 -7.986487081128033 6.120709688928443 
7 compton 0.022010784580038287 -9.862712012631032 6.632170693455805 
7 compton 0.0005760654231365403 -9.47887823968448 6.793700974583606 
7 compton 0.0016536047645101526 -5.726359696777715 10.30982624110645 
7 compton 0.012926730259267119 -4.6028219677525275 10.463227986671297 
7 compton 0.007279150586853855 -7.033586128859268 11.643679486911438 
7 compton 0.002002005935149688 -6.950779828923813 9.882122775000004 
7 compton 0.0030314781580055294 -12.074353698403716 6.519733591000288 
7 compton 0.0008081732510884648 -10.358918624497957 2.6128532859212505 
8 compton 0.05511233659074291 -9.694562448536548 10.0 
9 compton 0.008598451934526324 1.2886009601206663 10.0 
9 compton 0.014774699305057093 7.880117839617724 4.933402697970955 
9 compton 0.017403919060308137 7.750205030848569 1.572731087918307 
9 compton 0.010106883147353973 4.856320081883471 0.5931643293566147 
9 compton 0.02178512590696892 2.7172158101721577 2.3735116317155094 
9 compton 0.011975276595663054 5.021197209918674 3.3673171652865284 
9 compton 0.004666526884483796 5.259490339000489 2.1598372947803677 
9 phot 0.0606891171656387 5.13216544291159 2.071782615877998 
10 compton 0.01852715200978844 -10.121225031181687 10.0 
10 compton 0.014141396709840992 -9.678420369033418 9.272507645184092 
10 compton 0.02612945862869595 -1.381679651785813 9.159182646817554 
10 compton 0.004146780101154296 -2.116361424469276 6.4415752852033545 
10 compton 0.01931386691403164 0.22969135792843254 1.9776358387172213 
10 compton 0.006151825475931932 1.2273761874525695 4.728752849653099 
10 compton 0.0050404442988011 3.1901249116121466 4.534207902326782 
10 compton 0.003888519545030722 3.815724141501155 6.184720104072353 
10 compton 5.899407290170522e-06 3.9395304392907984 6.181860532194518 
10 compton 0.00487984778380187 6.234418044128783 6.021583697092779 
11 compton 0.02894573191746838 -5.256604533386617 10.0 
12 compton 0.04974231614933396 -6.034699381841456 10.0 
12 compton 0.023567562293146396 -8.672997220481205 7.233955363264492 
12 compton 0.016285225383026847 -9.183598904945022 9.665219441997072 
12 compton 0.005642830965526237 -10.535640167584596 6.81162002754479 
12 compton 8.2314957179426e-05 -11.98797061073553 7.282955977969598 
13 compton 0.01925525113141488 -9.391443682471534 10.0 
14 compton 0.007322844120433325 -8.768960711731829 10.0 
14 compton 0.007431169446782709 8.8286187209427 -2.047447948858963 
14 compton 0.03230020157524972 9.397223553613737 -2.0259399342129747 
14 compton 0.018099148842867258 7.869319277880479 -12.221731606035794 
14 compton 0.006985235837166676 1.737120159195487 -10.929841131402934 
14 compton 0.01116870225113406 1.169691461840768 -8.87962107847838 
14 compton 0.008410576832949532 -3.1306413538798847 -10.543769633335776 
14 compton 0.00492686212113299 -2.4995867395900158 -11.770490247593866 
14 compton 0.002863373815065254 4.398641836869802 -9.760212645900314 
15 compton 0.054760207628576724 -10.911158571490951 10.0 
15 compton 0.01464937197358715 -11.090504643129385 10.053181036208091 
16 compton 0.05274024372444819 -11.979583779172398 10.0 
17 compton 0.0417940416125641 -10.997571556551136 10.0 
18 compton 0.002185109310094191 -6.0714875751904565 10.0 
19 compton 0.018180665058322887 -8.019449669850943 10.0 
20 compton 0.015644251790361607 -11.855136638624428 10.0 
21 compton 0.02284615494407055 -0.791579191374792 10.0 
21 compton 0.008852201388087413 1.4108630659054597 4.766911337018384 
21 compton 0.0028550806518843203 -3.6444370664538273 -7.25596353467339 
21 compton 0.034560887271148796 -3.900822478431523 -7.474702784700719 
21 compton 0.001115001814766342 -1.1665837099683718 -0.8942676106492433 
21 compton 0.014377818263348816 -1.4873032871129759 9.938316132112199 
21 compton 0.013119428526282055 2.9259092245287883 8.118291977893122 
21 compton 0.0036296772706756464 -5.327085683431734 9.044173071086657 
21 compton 0.006178268608094985 -5.744077979740642 11.591326924583118 
21 compton 0.0012458623087850187 -7.9820769975355015 9.6326707558971 
21 compton 0.0005043089803492065 -7.929994399392959 7.852501741011687 
21 phot 0.040715309972506844 -10.26792839709252 3.8829663622938377 
22 compton 0.02700738857356838 -11.49737745859844 10.0 
22 compton 0.01894852378940226 -11.150350771408203 8.66704493313197 
23 compton 0.03004790972841548 -8.034971341483164 10.0 
24 compton 0.002954873620292564 -11.366148317793135 10.0 
25 compton 0.034666932958011376 7.963019936168076 10.0 
26 phot 0.15 -9.301261508155298 10.0 
27 compton 0.051346508738268404 -9.761768807303831 10.0 
28 compton 0.030607834963184588 -11.841649803587 10.0 
29 compton 0.02229774035679899 -10.315847946563409 10.0 
30 compton 0.006709603916324802 -10.86766007803723 10.0 
30 compton 0.0008774777893334196 -10.217712890337818 10.419005884909586 
30 compton 0.049217753617766105 -8.835749038711885 11.793375716057401 
30 compton 0.013973595613145595 -11.297068168209709 10.97720967554752 
31 compton 0.032347118354994514 -7.523354471978171 10.0 
32 compton 0.045790443840376255 -7.980638359014527 10.0 
32 compton 0.0010665677087813713 -8.42169975598808 10.770259326779392 
32 compton 0.0016292301296282896 -9.794593674608967 12.001217610209133 
33 compton 0.046467010658141544 -2.958255904594772 10.0 
33 compton 0.0017062535612882013 -4.7106560569006914 7.1884913614827886 
33 compton 0.003954282208015664 -5.389050616787573 2.63243431637773 
33 compton 0.025757233182633163 -3.4814907017165284 -0.8571636744722286 
33 compton 0.0050155720088326805 -3.375067214219939 3.2701560226592323 
33 compton 0.008055596877078894 -0.5246242230150813 4.696279477955882 
34 compton 0.030398793697019116 1.6034078914805239 10.0 
35 compton 0.01720230826067748 -10.803096491264695 10.0 
35 compton 0.04432491056620974 -10.639588944554205 10.242715815634757 
35 compton 0.003111363791737723 -10.713338239815581 9.897690582735631 
35 compton 0.006862862264893632 -11.370490090509342 9.344881777832175 
35 compton 0.005553871114481301 -11.329934617842973 9.147401844832252 
36 compton 0.017136836422435492 -9.680327399531933 10.0 
36 compton 0.038548219627093164 -9.185958486020256 9.269754454032858 
36 compton 0.007844110736211538 -8.662375784820439 10.632616048903964 
37 compton 0.04853421749073908 -3.1882992756049244 10.0 
37 compton 0.006128333057145427 -3.2006096399569754 10.015194296613693 
37 compton 0.02413657920058282 -2.946316004356205 11.73048890918004 
37 compton 0.014186473489830077 -0.5331650059815711 6.950079788351195 
37 compton 0.0029187714575014123 0.18709778423696888 10.51466977374802 
38 compton 0.048828113600962134 -5.354737534273097 10.0 
38 compton 0.013875035533542884 -6.228783970977398 8.962091418335199 
38 compton 0.020873447544308962 -6.177178643594136 8.897270545751727 
38 compton 0.0008997920761121131 -6.325613247018485 10.408554273085162 
39 compton 0.04066242715912763 -8.4229017574917 10.0 
40 compton 0.0022436760950822476 -8.915657356727433 10.0 
40 compton 0.04347426341239419 -7.352724678888379 9.476755411443897 
41 compton 0.040645583290544046 -2.9869753102869314 10.0 
41 compton 0.019843122271863717 -3.1952051050691685 10.753967261961002 
42 compton 0.006467385318815577 -11.17778861855385 10.0 
42 compton 0.023797926846903933 -9.47131472220062 8.926749375576941 
42 compton 0.001300206606890425 -6.040157057245199 11.891737808217526 
43 compton 0.007754921762212458 -9.279065300138734 10.0 
43 compton 0.04153554872722594 1.116920146716506 2.5889297768389508 
43 compton 0.003593812610844571 -1.5488332379104537 1.3045365020835522 
43 phot 0.09711571689971703 -3.254511509045722 -1.8252686031999765 
44 compton 0.009110876380091282 -11.432212827802196 10.0 
45 compton 0.05222931574834856 -5.11398984561259 10.0 
46 compton 0.047097790443889315 -9.398965108337261 10.0 
46 compton 0.022307467655116472 -12.489630886503475 5.418140285853802 
47 compton 0.0238527537869328 -10.059907560701516 10.0 
48 compton 0.0327795502698001 -8.949781761105456 10.0 
48 compton 0.028824690342824227 -8.43402718901742 -0.878088164312544 
48 compton 0.01227582393743068 -12.273062229450545 0.68981538862204 
49 compton 0.031016492800484796 -8.326311086499278 10.0 
49 compton 0.02699596985458326 -7.1562686405191975 -0.38541733044906934 
49 compton 0.011750744573717109 -4.118731529269554 0.8123872107947199 
49 compton 0.011106787477158306 -4.997617139442727 5.430494835621266 
49 compton 0.014472603274180318 -5.689052518735922 5.282190412929988 
49 compton 0.00305311322991543 -2.151008548788734 4.991131515583628 
49 compton 0.0033907439756659732 0.8624782883851725 -2.5278875659596842 
49 compton 0.005728146203818653 3.4780877123137426 -2.3373566628562275 
49 compton 0.005239161351925613 2.00169516244439 -6.136527844797838 
49 phot 0.03724623725855054 -0.3105024231741038 -1.1750847380867082 
50 compton 0.0017183340528884872 -10.023794949299056 10.0 
51 compton 0.004215600741996894 -7.712463736541582 10.0 
51 compton 0.019339176510186906 -4.312208936673409 11.632436942354389 
52 compton 0.021703645351175888 -10.883671052926424 10.0 
52 compton 0.0016744722906033849 -10.376971422035577 11.083239937217073 
53 compton 0.03089674926084479 -12.295395952083739 10.0 
54 compton 0.0325492424104737 -8.309268426748268 10.0 
54 compton 0.030497946805292386 -7.979067995490718 4.103009686555585 
54 compton 0.020911614911439794 -11.99415951028504 6.285757059730477 
54 compton 0.010580550738139967 -11.870463801806652 6.0789240128432604 
55 compton 0.0051551326895117044 -8.37626432753956 10.0 
55 compton 0.018327235409719644 -7.163970801228518 10.658428331324986 
56 compton 0.017769611293297127 -1.9642325191628807 10.0 
56 compton 0.008353125272379441 4.482611476635027 0.009286698123068149 
56 compton 0.016937824026432943 4.439027376767239 -0.2515873191093531 
56 compton 0.009289247880137186 11.238856480270968 -4.140693768116933 
57 compton 0.024988423837482177 -11.540798968794022 10.0 
57 compton 0.01410077575114195 -10.060638155038491 5.603109591597656 
57 compton 0.014647331339579892 5.874271726526787 2.764437216067785 
57 compton 0.020556077289759972 5.969380978152477 2.9471727995626287 
58 compton 0.013586828047841448 4.060078995495688 10.0 
59 compton 0.002160288811320882 -4.9228361855152825 10.0 
59 compton 0.016460259692185064 -2.418084258345568 9.178689544881692 
60 compton 0.054186857602515695 -4.939614243644406 10.0 
60 compton 0.024124856492751492 -5.992896975016551 9.57263985839217 
60 compton 0.012738664178633043 1.0516582931833671 7.648023658143308 
60 compton 0.0020278240674533182 -9.311304167058609 -1.6870236747292529 
60 phot 0.056921797658646446 -9.645536327609856 -1.6621107036809268 
61 compton 0.014022324550564458 -10.354206920843996 10.0 
61 compton 0.0453383152774422 -8.396790656814666 7.703572024601037 
61 compton 0.003853097621860979 -12.24321915652581 9.193164186531872 
62 compton 0.05474764577315787 -6.389509176384108 10.0 
62 compton 0.012563798693357428 -8.44967510045559 9.383544821139166 
63 compton 0.007937611313830584 -11.246809326651874 10.0 
63 compton 0.0012466206998502372 -8.691071575801008 8.147389359356158 
63 compton 0.043412931199979965 -7.054366243841203 6.166436807870627 
63 compton 0.0019916632360272024 -12.008627825980982 6.042085346213579 
64 compton 0.030793996650903446 -1.9111457886082874 10.0 
64 compton 0.021122867338566442 -1.84407869076797 9.445004462940298 
64 compton 0.009708854241194734 1.8821841394444339 9.606649932363528 
65 compton 0.04419181078370747 -2.6068072757998433 10.0 
66 compton 0.0008351379088558653 -12.059403696224702 10.0 
66 compton 0.007557200983084655 -7.783242660433586 9.152651067618457 
66 compton 0.017178156378605272 0.5544361128702109 0.39568124109779923 
66 compton 0.03164142976342163 6.043130352404306 1.7108217182105403 
68 compton 0.04166245739767731 -9.901533388077375 10.0 
68 compton 0.0006817104360749282 -10.237475339984238 11.030028848191327 
68 compton 0.021637527999506675 -10.72357808170211 11.804872949449914 
69 compton 0.01941037904513976 9.828385181809791 10.0 
69 compton 0.043566365804416834 10.560362478440485 8.710462518170369 
70 compton 0.019203181795049706 -6.184381871297464 10.0 
70 compton 0.0020033163258521836 -5.39090811223665 11.374909464342709 
71 compton 0.010802225805418286 -10.876154181085631 10.0 
72 compton 0.050467042074268845 -12.289178621848478 10.0 
73 compton 0.007769027895699165 -2.3466932683012995 10.0 
73 compton 0.042430317181487445 -0.3200470662289563 8.553372258631576 
74 compton 0.014164189306958591 -6.721094254098786 10.0 
75 compton 0.0381648995129973 -10.868488194320502 10.0 
75 compton 0.019655667630910742 -10.9656886568359 10.589980014540268 
75 compton 0.0003318765869432805 -10.605734165380586 10.658825570863712 
75 compton 0.01779252810464127 -4.05725300264011 10.583452721517885 
75 compton 0.0101402266943411 -4.857609489843658 8.423961641793515 
75 phot 0.0639148014701663 -4.0032294027699145 8.196640397531235 
76 compton 0.026571863473845103 -1.1559627680519071 10.0 
77 compton 0.042533245242494286 1.3303319637504778 10.0 
77 compton 0.021126356002129115 0.6100755320753047 8.061517672717555 
77 compton 0.011085740619534906 6.9667241171044765 6.8288806316564985 
77 compton 0.006099411886869521 8.003757242602177 9.957741678109823 
77 compton 0.009785383126901852 8.088444306526238 9.965612748879826 
77 compton 0.010233776320623895 7.807202005986507 10.836613661459612 
77 compton 0.0016060974796466773 6.576444503400913 7.394162203129559 
77 phot 0.04752998932179974 3.926767596601688 6.389677112380992 
78 compton 0.03206854593458845 6.9295410930516095 10.0 
79 compton 0.003782415972768932 -12.300812210996444 10.0 
80 compton 0.04670512994191074 5.900857114737475 10.0 
81 compton 0.026680127037020815 -9.08213069603848 10.0 
82 compton 0.052468986070913576 -10.185036430713442 10.0 
83 compton 0.010204822256038443 -10.562142452152473 10.0 
83 compton 0.035131209887226234 -10.148151477194608 9.636360832808679 
83 compton 0.005638118996337413 -9.525328972421127 10.798989056883158 
83 compton 0.00989858592179274 -8.937749805911416 10.990400433381536 
83 compton 0.02116886638498576 -2.1600571186517925 3.8016800259248846 
83 compton 0.010005056650548107 -3.2654371157479254 3.9667348106735845 
84 compton 0.052379016043510765 -9.54515292680666 10.0 
84 compton 0.016830676956235996 -12.41539407337238 11.944767849619662 
85 compton 0.03682638393379045 -8.359350131742191 10.0 
85 compton 0.014630476472899709 -8.485448190543922 8.844882226712627 
86 compton 0.024876530897257054 -11.342813328571316 10.0 
87 compton 0.032267621332181806 -11.727789843672841 10.0 
87 compton 0.0074991371735007445 -11.410305638584127 5.2229758569965306 
87 compton 0.020813653303533144 -8.145604914093674 2.3844974768661764 
88 compton 0.016478384193759105 -12.459142844495043 10.0 
88 compton 0.03426879007593597 -10.793393143073393 12.342173316882182 
88 compton 0.02092974893518508 -5.937442305077997 5.617568741771737 
88 compton 0.018155200691219578 -11.503239253425114 4.25454469988906 
88 compton 0.004514139157272758 -5.724076059889204 4.191490734146681 
88 compton 0.009276858930844005 -3.5087302701408674 10.716757408659783 
88 phot 0.046376878015783496 -4.428785479743027 9.997016192285773 
89 compton 0.0033660497703603687 5.194261252457055 10.0 
89 compton 0.041486519691724205 9.876149384121225 8.030995012110438 
89 compton 0.028311631132716328 4.594539841693001 2.718380776308752 
89 compton 0.016929703775305588 11.269011740853825 3.5874843012987574 
89 compton 0.008786847329197663 5.509818087451135 -0.5723383209742678 
89 compton 0.0008146558052448544 4.5600911180772385 6.141753585052132 
89 phot 0.05030459249545099 3.3232211421814015 7.559130328218114 
90 compton 0.05133228043161328 -6.255827016470538 10.0 
91 compton 0.015098307246910692 -11.998637342801969 10.0 
91 compton 0.026841566931315564 -11.229125787826572 9.022930738090999 
91 compton 0.02229701589662314 -10.36390678271742 9.625059913548544 
91 compton 0.002155584990397988 -10.706010012197046 9.932030425235087 
92 compton 0.010058353004169351 -12.059016612807703 10.0 
92 compton 0.0038277839339183606 -7.652223921578916 6.174363711164791 
92 compton 0.01183346193873877 -7.255751186805899 5.233261918247131 
92 compton 0.027123611876968726 -6.250831341192952 4.923407875209386 
92 compton 0.022696198333450796 -5.844415669242594 7.6002862271474445 
92 phot 0.07446059091275399 -4.372138829968811 6.090066594815954 
93 compton 0.05484931449642791 -5.104745708949774 10.0 
93 compton 0.006813211686023557 -10.247840135104111 11.423571149878507 
94 compton 0.02794504244587985 -1.9330296097430768 10.0 
94 compton 0.008839899853916519 -1.6230502788603902 11.374292288881168 
95 compton 0.048469115230213605 -2.108997352056921 10.0 
95 compton 0.016223188502287697 -2.8410914610850857 10.91130530089814 
96 compton 0.006173233354157981 -4.38311339497648 10.0 
96 compton 0.002453579246511045 -4.081795533943791 10.18374213366119 
96 compton 0.013499374583069601 -3.3634794730639648 11.090039864652548 
96 compton 0.031463090458958815 5.287027974962758 11.060007903242758 
96 compton 0.011943008302085334 5.025077920091831 10.24917586036892 
97 compton 0.04406988793944318 -8.014601095028507 10.0 
98 compton 0.049781086823487364 -12.292403234112722 10.0 
99 compton 0.014938128705338977 -10.762331247857452 10.0 
100 compton 0.028953951281753126 3.1442955664671963 10.0 
100 compton 0.010383667958570306 3.472425599031313 8.258234604035561 
100 compton 0.017039216199375984 4.739100257572947 7.627251613762824 
100 compton 0.008683912609572617 0.4261311363766147 -6.223298182769494 
100 compton 0.001684610943825035 2.837114004082408 -8.513391493839954 
100 compton 0.019826940196413234 3.752216576323612 -11.345382571073333 
100 compton 0.012047731522999157 1.9212026642606812 -9.2525007614097 
100 compton 0.005473985299093688 6.876763992675063 -11.212303775446395 
100 compton 0.0006982650477943206 6.762453329800651 -11.393172105404869 
101 compton 0.0021427573047436976 -0.6004120487661186 10.0 
101 compton 0.010472978091418977 0.4130402463045768 9.669166763413173 
101 compton 0.03946082592287048 1.3789073060675536 10.10900150377942 
101 phot 0.09792343868096684 1.1852686275780628 8.076295078179117 
102 compton 0.018849250579946908 -7.547383151211575 10.0 
103 compton 0.04055805524682976 -12.409185758445796 10.0 
104 compton 0.01749030712930577 -11.96131705285879 10.0 
104 compton 0.0399687562290177 -8.576744447657502 4.865209812202299 
104 compton 0.004754812514655343 -8.46213216707173 5.296436027139554 
104 compton 0.006687378458721985 -10.016105146780173 7.92244599927009 
104 compton 0.0006626634277390603 -9.484468319317743 8.92012470923862 
104 compton 0.008864182962161474 -8.703633583906258 9.658676209908776 
104 phot 0.07157189927839866 -5.722856711933598 7.626522652310539 
105 compton 0.0517541792969389 5.726434790468742 10.0 
105 compton 0.006454336800043675 2.487653448094489 7.525097734140943 
105 compton 0.0013509510824495224 0.601335920729396 7.969222760378568 
105 compton 0.006410236398817146 -4.773389334370641 11.987077423187225 
105 compton 0.008595229487702832 -6.9000060923863575 11.273830447950704 
106 compton 0.053613728530890886 -11.54280961620631 10.0 
107 compton 0.04693125193301756 -9.428218957668372 10.0 
108 compton 0.049677504069304934 -10.782300060805913 10.0 
109 compton 0.005950114243756216 -7.4529652775375475 10.0 
110 compton 0.006706970237281895 -2.102268184748622 10.0 
110 compton 0.007829919057666168 0.7614091629685187 11.845656006670643 
110 compton 0.04259690713751371 3.924653933305567 11.58842825596662 
110 compton 0.018057992918341426 3.8982954650582795 11.617434228286571 
110 compton 0.011216045477383252 4.333326869649287 11.802981574195634 
111 compton 0.012926497657542418 -11.951448053046901 10.0 
111 compton 0.030047548467429033 -6.9457726738299375 4.583988342844674 
111 compton 0.010989184648846906 -7.6351039718130025 4.0040646892638145 
111 compton 0.018699901348490117 -11.412169177976564 5.603259217248743 
111 compton 0.0033326032595146077 -11.237710894354857 5.814137064277757 
111 compton 0.015962245381575757 -8.80186475044609 6.0282327003174405 
111 compton 0.007991406204926561 -9.867585305365024 5.387846620879415 
111 compton 0.007910344296216891 2.8445203881696646 -3.5343267991883973 
111 phot 0.0421402687354577 2.430944554232716 -3.4503057548368137 
112 compton 0.00755195560702937 -7.429233894517623 10.0 
112 compton 0.026853154790417652 7.599016338571593 -0.5134529482401256 
112 compton 0.015336732985892207 6.089557316610003 -3.6949407890255586 
112 compton 0.00786190075229573 2.9629669420936784 -3.3392054554215824 
112 compton 0.010341483300462487 2.701262555254736 -2.8470651298797334 
112 compton 0.019257710242281928 7.594320018797912 2.1564141772803076 
112 compton 0.006029581897621997 -3.892492522522021 -2.2791195581490697 
112 phot 0.05676748042399862 -1.7284579744993511 -11.422884812934578 
113 compton 0.048713749746680315 -10.426692819156864 10.0 
113 compton 0.003382048311872221 -11.368164617174678 11.13498981680566 
113 compton 0.023806132744885744 -11.447727408545536 11.986647904542933 
114 compton 0.03626654652384058 -10.790714560352495 10.0 
114 compton 0.029701560180599565 -11.19778361173517 5.30039427251655 
115 compton 0.010137403664873784 -10.867314218401317 10.0 
115 compton 0.03949148640872269 -3.4990489803845595 3.562725587340336 
116 compton 0.01452383717057168 -4.955525212157252 10.0 
116 compton 0.0278803453509589 1.431700336093698 2.2251904758944 
116 compton 0.02521439065432196 0.36122236113709283 1.3044160750381777 
116 compton 0.01950075667668144 0.086738104285774 2.4282035324060436 
116 compton 0.011592772513253032 0.24043072006289673 2.218671219355226 
116 compton 0.0012664197661677382 0.18639963333890947 2.23892625871467 
116 compton 0.007435021000204274 -1.3783616446820293 1.63657622641948 
116 compton 0.0008322413784582761 1.6989041625375723 6.8547281971842535 
117 compton 0.008019957027857516 7.527568072607112 10.0 
117 compton 0.004762729908705715 11.010443447945171 7.456435204555958 
118 compton 0.03973871463250826 9.021829743161872 10.0 
118 compton 0.007934494097706135 7.011336569354787 1.4055386838910273 
118 compton 0.0034942263877475593 7.3905408071100185 0.9022068339433655 
118 compton 0.006629853065838742 12.16504087644668 -0.6894937657376681 
119 compton 0.05170006711821282 -8.97836563356736 10.0 
119 compton 0.0031176924961019564 -9.024067367126351 10.035264340813914 
119 phot 0.09518224038568522 -9.137397510590715 10.375624735556714 
120 compton 0.011661149588163916 -7.532383518407594 10.0 
121 compton 0.01604059372709679 -8.025753211877916 10.0 
121 compton 0.038240181574005286 0.8354780304035252 -2.061063462773074 
121 compton 0.0030000237932687884 -1.079292449402959 -2.218741097742815 
121 compton 0.0075226525973228625 -8.703989099671624 -8.368596715375013 
121 compton 0.015919375089733345 -10.356600871103351 -7.759803589422056 
121 compton 0.004429139350471428 -9.877505166139924 -7.23603746905048 
121 compton 0.002492843574445479 4.001413916939084 -10.363857747828702 
121 compton 0.002392541583676716 4.732331605469124 -11.603063329780982 
122 compton 0.04157565887258585 -1.0586200222550044 10.0 
123 compton 0.033410512742805876 -7.523747755863273 10.0 
124 compton 0.0012743017244748467 -9.284751080494022 10.0 
124 compton 0.01311278751962644 -8.225479130633069 9.738300348274757 
124 compton 0.022158946652372224 -4.1617915816225795 2.1015287964132936 
124 compton 0.027576955713030968 -9.62596529955626 -3.0528358291429525 
124 compton 0.005598744201086248 -1.9741237272481182 -5.862411903707189 
124 compton 0.006668131716455486 -1.8251147519284925 -5.761774654592153 
124 compton 0.013563067146549132 1.9943489753906718 -8.049272741408373 
124 compton 0.010299050763783589 1.472077051393474 0.039985044637177225 
124 compton 0.0013026580508596897 6.4989751412055 -5.152242227115592 
125 compton 0.04795525222137491 -7.666624326386127 10.0 
125 compton 0.022045343370066722 -8.531194149473306 8.850060119637636 
125 compton 0.004608717715023317 -4.695128927782391 7.850319328594605 
126 compton 0.02413820017240717 -6.637487300680566 10.0 
126 compton 0.04046070839339304 -3.918172171558932 2.64204241774922 
126 compton 0.0002462725582100672 -4.086756775657621 2.823864131353989 
126 compton 0.005070610062499231 -4.3616574961648436 3.261040380257562 
126 phot 0.08008420881349049 -11.138455958646146 3.992185739817911 
127 compton 0.0156608468399711 -12.166186351927031 10.0 
128 compton 0.050354600174243605 6.948519338911252 10.0 
128 compton 0.02034273731000523 6.731053805009316 10.208688135435054 
129 compton 0.00719889922246994 -11.3187784286901 10.0 
129 compton 0.01751633102301517 -2.4089163409076537 3.9722643879887043 
129 compton 0.02796379765341582 -2.5191921638679755 2.433620187631556 
129 compton 0.018189125812799897 -2.132122764636987 2.4729529776671435 
129 compton 0.017846335303972477 -3.508655346914345 -10.325038133164266 
129 compton 0.006507586283089048 -2.8393012960543196 -9.349037814272112 
129 compton 9.66930208315328e-05 1.2477247093725161 -12.095564100326403 
130 compton 0.03310581456293281 -8.459279730378675 10.0 
130 compton 0.034656307499370945 -8.42530260107813 9.035112294230462 
130 compton 0.015412742334420276 -8.066405167936624 9.641748692464157 
131 compton 0.05077117206014033 -11.186649844683076 10.0 
132 compton 0.019477656990269737 -6.142941175775419 10.0 
133 compton 0.034015057986410774 -8.55755377316204 10.0 
133 compton 0.010328631661670501 -8.557012476480441 9.413128390389975 
134 compton 0.030584891020265112 -10.210405410165924 10.0 
135 compton 0.02444600150390938 -10.546264883964874 10.0 
137 compton 0.02174448647729682 -10.985444849540237 10.0 
137 compton 0.03610719382029387 -9.621388038657486 7.073204684301972 
138 compton 0.015847808238785815 -8.38511129686253 10.0 
139 compton 0.004120747088103921 -11.142369501420678 10.0 
139 compton 0.018163680410189453 -8.805192122376615 11.106871376272668 
139 compton 0.036966609508552864 -8.008457868624445 10.558519276165558 
139 compton 0.007084180057379513 -9.566352041110067 10.099297068660947 
139 compton 0.020148301190979587 -10.575145551631305 6.3667331208601325 
139 phot 0.06351648174479466 -10.780271283609794 8.599664680467978 
141 compton 0.01053662677631384 -10.149439095674158 10.0 
141 compton 0.028831664835859902 0.9068552289478671 0.029227257229507586 
141 compton 0.013741371992158802 -5.288577734394179 -7.497421118216599 
141 compton 0.0011862229525876344 -10.574634200974756 -5.648165982190178 
142 compton 0.010455762468238539 -8.364128027904854 10.0 
142 compton 0.0459432204417239 -8.191485375613198 9.845299048137614 
142 compton 0.0007554380861445054 -11.438490605214094 10.114950517686852 
143 compton 0.0466367833873174 -5.9771445107072 10.0 
143 compton 0.024118384001628135 -8.826657087903884 5.524413749221398 
143 compton 0.006449320168117542 -6.869382973395965 5.450019698627706 
143 compton 0.0008852249332768763 -6.100970053722652 6.922222363159975 
143 compton 0.014027694874480634 -6.034687979072654 7.985199677474023 
143 compton 0.0046317210109976595 -7.319255945640454 6.801356975587796 
143 compton 0.0020704377248703734 -9.277396468118715 8.117881616116273 
144 compton 0.025607336049577434 -11.74773465605114 10.0 
144 compton 0.032274377453752945 -7.180289452895902 -4.592600520361126 
144 compton 0.00809241294125522 -4.395709444800556 -1.9559988113627118 
146 compton 0.04300560930750186 -11.361436900908902 10.0 
146 compton 0.01614126398133009 -11.961797839131357 11.51082706468324 
147 compton 0.007261369901577386 -8.32052209412349 10.0 
147 compton 0.02941811966278271 3.7566162108437258 1.7803302006547046 
147 compton 0.02890662128193114 2.924343928049362 0.3496872107935356 
147 compton 0.017432814398883154 1.6351853317409857 2.897002914467829 
147 compton 0.006469693763302482 -1.4332356654181715 -2.8687487194428023 
147 compton 0.004357568579874731 -7.115918506522945 -1.0880048292286149 
147 compton 0.009197893213821015 -8.472575374251925 -2.8520939856268663 
147 compton 0.004116252153057755 -8.541308655125311 1.3176517673971597 
148 compton 0.01307238127491192 -10.477410012256703 10.0 
148 compton 0.0036695824772771946 -7.128219865742271 6.336811157830869 
148 compton 0.027314766070573676 -4.710307797532895 -1.9679153496295783 
149 compton 0.0029522517937759785 -10.292218154870309 10.0 
149 compton 0.0216560618738339 -8.766839047703527 10.59513773691369 
149 compton 0.020199110920407104 -2.0258545626233895 3.8261512487750995 
149 compton 0.0044195423391737015 0.27603385004272063 5.282502736292023 
150 compton 0.009357539321653147 -10.757668814647598 10.0 
150 compton 0.043438016807306884 10.03731389605802 -7.047924313318749 
150 compton 0.015215543132282405 10.07093494218129 -4.523973359496729 
150 compton 0.019009960414706872 4.660050625249228 -4.319708562652593 
150 compton 0.0052047501117030714 8.365668945051452 -2.5090079582161664 
150 compton 0.0061147845752286545 10.288208252661004 -4.670676018604199 
150 compton 0.0018345712293921027 10.607922445576406 -4.358252491065287 
150 compton 0.0066445788053298635 10.462480488357448 -2.6481155382746926 
150 compton 0.004670166548156468 10.1554629802979 -2.907418158968798 
150 phot 0.038510089054240526 10.082548460835554 -2.62322713362626 
151 compton 0.04818212568206892 5.072151350098624 10.0 
151 compton 0.008673830123251375 -1.6927278588130834 1.2603254929309298 
151 compton 0.009281468446271618 -1.3974603237345824 0.4523632252104697 
151 compton 0.013714921625826243 -4.225313463165934 -2.203636271099004 
151 compton 0.0030314491026006557 1.6663263290992072 -6.447260803134013 
151 compton 0.004060280583491088 2.0673129330597635 -10.034659322472699 
151 compton 0.0006033842429670616 5.241338518997177 -11.465711877474813 
153 compton 0.028727519006273086 0.5194414290132912 10.0 
154 compton 0.01105190877424489 -6.0154824143257555 10.0 
154 compton 0.030054679202256074 -5.8559843686186515 9.850250151849913 
154 compton 0.021873552557648307 -8.186909739641171 7.441195991882134 
154 compton 0.0036946468070996052 -1.1018750627058491 2.714007116712562 
154 compton 0.004402147265512524 -1.0141639511594942 2.3619022947072326 
154 compton 0.007601001764170098 -0.28128533978176473 1.985984255523369 
154 compton 0.012461513050066216 4.125506844407709 6.3601901318036616 
154 compton 0.0042590762971996265 3.0815722560014596 6.62223870791242 
154 compton 0.0043901673623617035 2.639001724108203 11.957455896377361 
154 compton 0.0077185476720522395 3.7691885522209345 12.264787445915958 
154 phot 0.04249275924738871 1.2614918533262713 9.561059231064736 
155 compton 0.02818880301128303 -10.141796174143348 10.0 
156 compton 0.033405085051524785 -11.74118739074928 10.0 
157 compton 0.02807349158566838 -8.95010480281787 10.0 
157 compton 0.03259117884709717 -7.737035781496629 4.506310964142981 
157 compton 0.012774498061410441 -10.950551449658866 5.643284626872266 
157 compton 0.008183996354979836 -10.521725855251512 7.057266487872887 
157 compton 0.012896711675879365 -10.61033145299193 7.105325109836095 
157 compton 0.007346830914918813 -8.820589580842551 7.552568001163062 
157 compton 0.0010536539605938838 -9.851181577950554 8.87286995787646 
157 compton 0.0041861302200928915 -12.06457143942745 9.33131758633958 
157 compton 0.0031495007229551744 -12.178581367959024 8.550158379184628 
157 compton 0.0017761452830119262 -7.239408819509713 7.544329894335748 
158 compton 0.05313488262038231 -8.139280918834018 10.0 
158 compton 0.004797869396299295 -11.630271753312833 8.009508869200289 
158 compton 0.023207972341059202 -12.03239551370275 6.676358634873293 
159 compton 0.007989056602596217 -7.500394622664713 10.0 
159 compton 0.05066768262375519 -5.99941328088583 11.09311976684822 
159 compton 0.0002212814725104234 -7.597513531136767 10.135995225553827 
159 compton 0.015972645453600984 -11.254724342154585 8.698113945623254 
159 compton 0.015094395544675482 -9.527581443320239 5.989981515358066 
159 compton 0.006715052639757524 -9.747586082749551 6.039287663278238 
159 compton 0.0058060457812790026 -8.4361866290511 10.406302952622037 
159 compton 0.004927647873031134 -11.918242179813117 10.828758992795814 
160 compton 0.006922008977266636 -11.347829248130452 10.0 
160 compton 0.014479670574980952 -7.328490836361332 7.353297596212117 
160 compton 0.03720998437714966 2.604097361730237 10.952421840855136 
160 compton 0.020107886954636764 1.8565970225054849 8.684946002493238 
160 compton 0.0006623055380574061 1.4311937853999934 9.260040597476474 
160 compton 0.0008535592995294189 -1.3112863846148817 10.999087256827114 
161 compton 0.0011118808361302301 10.664584152169295 10.0 
163 compton 0.0037619047239880743 -6.561274640864544 10.0 
164 compton 0.03346023696338528 -11.643399882048687 10.0 
164 compton 0.007821401551352108 -11.488425116498226 2.9243038402422927 
165 compton 0.0471856861479755 -4.846897266663966 10.0 
165 compton 0.0012714345881391087 -6.395597989492779 12.270709671661916 
166 compton 0.028390016031574636 -9.40764314593195 10.0 
166 compton 0.02848541220930316 -8.324422458992702 4.820545308094869 
166 compton 0.0016961540194447705 -5.91449074466652 6.123057908660673 
166 compton 0.0023907462525723927 -3.8410499551803614 9.026431812800196 
166 compton 0.008831844010589687 -0.29357120287853844 10.50829189867936 
167 compton 0.010688219712637309 7.122577902670523 10.0 
168 compton 0.012894144789811102 -0.3935682501443285 10.0 
168 compton 0.020682269231407632 0.058020208160058706 9.512566260290937 
168 compton 0.0019383087857655495 4.115089735226398 11.240107156203091 
169 compton 0.0015401425818132308 -11.828060073521481 10.0 
169 compton 0.03354476903848483 -9.385678549901183 9.33284903870261 
170 compton 0.0031728195878133747 5.274396194033978 10.0 
170 compton 0.0065377538327231755 8.633276214318585 11.365396974475994 
171 compton 0.05166447094916651 -11.455276645367167 10.0 
172 compton 0.0005328443654534498 -8.640796199661095 10.0 
172 compton 0.005329871317669627 -1.1365125377204928 11.180321702942416 
173 compton 0.02192961078933167 -7.897897880367169 10.0 
174 compton 0.015803492434553812 -12.184379864940743 10.0 
174 compton 0.021575492519904663 -10.221624102489578 7.374925019608567 
175 compton 0.03919534255311222 -9.119717624060725 10.0 
175 compton 0.001800837927761867 -9.623190141136355 12.403157085894215 
176 compton 0.006096875179788297 1.2992770668208617 10.0 
176 compton 0.040561627289733546 2.6499153938300486 9.183102044296376 
176 compton 0.018935254769602103 -0.3702299156158162 7.01736919816285 
176 compton 0.0003087178081634667 1.1338366666359556 5.342129303492985 
176 compton 0.020318135547656616 2.7217677273533534 2.5712585913814654 
176 compton 0.009359046574305328 -1.0783738697705325 5.706932751350278 
176 compton 0.0025708435830387316 1.2484409759930402 6.958224681332089 
176 compton 9.958738158959146e-05 1.3098025495854142 7.8281420746806685 
177 compton 0.03807373683841063 -5.332100054211433 10.0 
177 compton 0.03391626416799602 -5.36511307091875 9.79479927055537 
178 compton 0.016652034879408917 -10.77262979578348 10.0 
178 compton 0.03850376706273019 -10.592808069463766 9.743861502049416 
179 compton 0.03401412493009226 -9.230517863844064 10.0 
179 compton 0.03020166390816817 -9.229049501191383 8.466918225211797 
179 compton 0.01085805028113207 -5.213062452174929 11.124766540761392 
179 compton 0.00038471287438100743 -1.041381502524004 6.38586355232546 
179 phot 0.07454144800622649 6.4807593216921475 1.4267883285944558 
180 compton 0.00929887682342101 -11.569910740896365 10.0 
181 compton 0.034302420503762324 -10.290081043455476 10.0 
181 compton 0.0338687309833912 -10.378610351428051 1.1655130684766348 
181 compton 0.01901854869755297 -9.461375779243696 2.491416452493106 
181 compton 0.010450673811846847 -9.916345247843608 2.246362319974245 
181 phot 0.05235962600344665 -9.88723339841993 2.406746057760943 
182 compton 0.0347926904383523 -11.811002416756939 10.0 
183 compton 0.04954719259390268 -8.46027724969296 10.0 
183 compton 0.009213590396645086 -10.864946203915679 7.409279644659479 
184 compton 0.04975509264496118 -11.532578448524784 10.0 
185 compton 0.018894668098822898 -9.578853023507886 10.0 
186 compton 0.04726948459208852 -8.471114960243007 10.0 
187 compton 0.024395312976655648 -6.7095199906079905 10.0 
188 compton 0.044808043472447864 -8.982976060747205 10.0 
189 compton 0.008128417559504914 -5.857392926853286 10.0 
190 compton 0.003833532457985872 -9.147651074636519 10.0 
191 compton 0.04716768233434972 -11.778356343299173 10.0 
191 compton 0.005806612392449201 -12.279567840009504 10.73654259597564 
192 compton 0.012316892541235414 -5.812910708399066 10.0 
193 compton 0.009888412327999946 -3.9567393531775146 10.0 
193 compton 0.030059587298739282 -2.452853522301038 8.71222555780003 
194 compton 0.05518138901916843 -8.849648290818413 10.0 
195 compton 0.006567845447919524 -0.45357673729497705 10.0 
195 compton 0.050767393872263256 11.179404993985429 2.6077025285076036 
195 compton 0.013556660561534706 8.365402883718188 5.99575716995845 
195 compton 0.0033209893367878857 6.403568432894936 4.540905819444437 
195 compton 0.003967666507381076 6.395762394731227 4.4929378921639405 
195 compton 0.010358063515004755 -1.3586150889035382 0.08364498172773782 
196 compton 0.018904848565973104 -9.478328811529288 10.0 
197 compton 0.0027680529141593524 -3.009646917710315 10.0 
197 compton 0.03334498582477187 -2.552398698477182 10.172026969492823 
197 compton 0.011969684263470032 -0.23352961216840606 3.6920055234417175 
197 compton 0.015654526329663576 2.1880287665594036 3.3282954150653046 
197 compton 0.01529930834169764 2.407862891360474 4.229296795276215 
197 compton 0.0022961247454734296 0.07812493275360399 4.132576592281638 
197 phot 0.0686673175807641 -1.57907864998163 5.437968184580318 
198 compton 0.026469940494360814 -4.2020113781401225 10.0 
199 compton 0.03386132976682027 -9.348915866795936 10.0 
199 compton 0.0019112057522562842 -9.326281993230106 6.648922563039262 
200 compton 0.02952360321647593 -10.75289477142273 10.0 
200 phot 0.12047639678352406 -9.785585417344974 4.224060860106534 
201 compton 0.047421737860821475 -6.2618947754701635 10.0 
201 compton 0.016500039878239656 -8.656915529477711 6.591259176245735 
201 phot 0.08607822226093886 -8.200493369761663 6.23878459282759 
202 compton 0.010900446893199384 -12.360572538576603 10.0 
203 compton 0.007307916553711352 -7.807048537282409 10.0 
203 compton 0.01075063798871978 -6.90074766976121 9.380421818720032 
203 compton 0.01271942664615372 -2.5816495478882695 10.18504413772848 
203 compton 0.016367325081298234 -2.375176913908908 10.620305605425749 
203 compton 0.004007757138794962 1.6204317484433624 10.141086480097458 
204 compton 0.04880230017287254 -10.644273156243031 10.0 
205 compton 0.033981358205927625 -11.142429599510127 10.0 
205 compton 0.0001481116594440196 -11.14234617536708 10.037884277646379 
206 compton 0.046228399908101195 -11.922470697159625 10.0 
207 compton 0.046618639862662584 -4.9007656557690495 10.0 
207 compton 0.014790428379006765 -7.618139930556579 5.722254233227675 
207 compton 0.01981497075306743 -10.741468037748266 7.007004546726231 
207 compton 0.000404213179690735 -9.029410983876337 2.057510383111632 
207 compton 0.010916602404834996 -8.933086853990037 -0.6524502522890105 
208 compton 0.035280847132761195 -10.916666580123467 10.0 
208 compton 0.0025445871470479303 -10.95380604603055 9.222114345346593 
209 compton 0.01692108306475218 -8.399816734081977 10.0 
209 compton 0.0075724930609003815 -5.613215174797225 5.950036544430679 
209 compton 0.0253282577802678 1.306085192628796 4.008586812164612 
209 compton 0.02689785403428649 1.7124890431128277 5.640020108333134 
209 compton 0.004750862728063007 -2.0542141953831528 1.6372637524933236 
209 compton 0.010452462869499954 -2.3960960307793497 1.710912415256381 
209 compton 0.005962958330299216 -1.0887321208147958 -7.780231290587379 
209 compton 0.0009206356201164542 -2.4432310977123346 -7.957492343420826 
209 compton 0.007550768528580096 -3.48987508213949 -7.422108285855035 
209 compton 0.0019900557664938937 -2.545288695235406 -10.083197016596385 
209 phot 0.04165256821674052 0.37291628115968134 -10.420757811723595 
210 compton 0.01910394928942491 1.622659167831829 10.0 
210 compton 0.04166826971715304 7.875299947667616 -0.7492440544685124 
211 compton 0.05333106919837932 2.9228807096013583 10.0 
212 compton 0.04441613077940415 -2.0551944131974356 10.0 
213 compton 0.04731751799074013 -9.925195536307797 10.0 
214 compton 0.044000214228247694 -5.852904559472829 10.0 
214 compton 0.02752597036503239 -7.536483011160334 6.299309786485001 
214 compton 0.016902882534726008 -8.676437536293605 9.144904595228809 
214 compton 0.011926678292931557 -8.745154666501657 8.908422851117852 
214 compton 0.004326740505445119 -7.9814091974462045 10.747459140074868 
214 compton 0.0024240637071055032 -6.447896460760809 10.141381443044889 
214 compton 0.005074684046341094 -6.455279853911503 8.710549689484154 
214 compton 0.003911335634145328 -2.3898393116409515 11.715729761778224 
215 compton 0.024109836829774633 -12.402778994847322 10.0 
215 compton 0.008027407001563569 -10.113618596218329 3.8244916796868367 
215 compton 0.028214405136709156 -10.480162351987827 2.973930561209148 
216 compton 0.05108882233592184 -8.914621472832142 10.0 
216 compton 0.02555338259984352 -9.468755951954586 10.474487960998255 
216 phot 0.07335779506423463 -6.3390792961117075 10.274021167970252 
217 compton 0.018345532250672036 -10.234862027965075 10.0 
218 compton 0.006236887245739675 -6.3204249543793685 10.0 
219 compton 0.0203568699321392 -11.241003672486361 10.0 
219 compton 0.019741779985388466 -10.959045939602962 9.463296029788388 
220 compton 0.00869395304308987 -11.233743667351773 10.0 
220 compton 0.047132878403401204 -10.912377676901519 10.249069217695787 
221 compton 0.041125409434066076 -5.510119238324499 10.0 
221 compton 0.004854079975556785 -5.93548974368908 11.420817279637365 
222 compton 0.011154222109024725 -11.875895878439664 10.0 
222 compton 0.024272139793889855 -9.518970233767686 7.7695390245466704 
222 compton 0.024789150694446663 -7.804964441675513 8.919167452862782 
222 compton 0.0004953116950781183 -10.342549395578876 11.266541394406316 
224 compton 0.006993714568058584 -7.141430047139075 10.0 
224 compton 0.01623889918470786 -1.2345395910500176 6.082794189573532 
224 compton 0.027014801657024287 5.68471527052802 9.107381301743601 
224 compton 0.026891556878163303 8.814548882986532 -0.32775932283639087 
224 compton 0.00013550609574577988 8.929686878893396 0.42557089410598714 
224 compton 0.007150161741406952 9.52704083532494 2.268133720891836 
224 compton 0.012934391713507944 11.292882187298616 2.131074133055821 
224 compton 0.000990853122361933 7.860603528177295 0.9225402623201318 
224 phot 0.05165011503902335 4.921443308666349 1.772878889960238 
225 compton 0.004732104790577091 -1.6385744500517259 10.0 
226 compton 0.037429423985702426 -12.034888935437824 10.0 
226 compton 0.012690303893700489 -12.346328509640852 7.673950419838546 
226 compton 0.0017313024331318538 -3.7590948593380826 2.1682420798401445 
226 compton 0.010155857511774308 -1.550117946904635 1.8523890000267018 
226 compton 0.011958567783031296 -0.6945798937823956 3.2398322301447693 
226 compton 0.002859752219278852 -2.7071445475685803 4.736115104211382 
227 compton 0.007321716320380811 -11.559002391671504 10.0 
228 compton 0.04960451063233508 -9.973582431381024 10.0 
228 compton 0.015295858948702404 -11.457171947217494 8.414295543049679 
228 compton 0.018857958598733668 -10.333181884258334 7.166908008930558 
229 compton 0.0068136432161141625 -10.308828532231672 10.0 
229 compton 0.049047058781396424 -9.852514106086227 9.702737391957985 
230 compton 0.04112393781979595 -4.342677563020578 10.0 
231 compton 0.005885103293098742 -7.821057213231054 10.0 
232 compton 0.029683621975851254 -10.060221620873367 10.0 
232 compton 0.027662750100929334 -10.015735851870655 9.724717564549783 
233 compton 0.03304020159604046 -8.31690927898335 10.0 
233 compton 0.014485290828684341 -8.286974270278993 9.205352221163976 
233 compton 0.005619039295650025 -7.908257538523623 9.065064558582622 
233 compton 0.022300660487307222 -3.204129515719125 11.197141813955605 
233 compton 0.010373880584433226 -4.2340305340751385 11.798971438554783 
233 compton 0.009759434063713386 -4.940119585871446 10.221143019492091 
234 compton 0.024677130803327424 -7.290743130739156 10.0 
235 compton 0.02095526981512008 -8.028678740839807 10.0 
235 compton 0.00226913610121407 -7.225099368904185 11.609020775090498 
235 compton 0.03537329131273283 -7.20144225209539 11.630142970329027 
236 compton 0.001597212403393139 -4.238447698474804 10.0 
236 compton 0.009930915323283801 -0.6265931839885956 8.994052766486778 
236 compton 0.028423260335283113 -0.23607741413703343 9.181000810102763 
236 compton 0.03246280825922657 -0.6047813061970615 10.054077475410423 
236 compton 0.005511871435226523 -0.4311073525684756 7.157316740598716 
236 compton 0.011239201340585397 4.136478148555849 4.897352517055319 
236 compton 0.0004167465390961869 -2.0022388298330442 -1.3764390013262942 
236 compton 0.011434965479761638 -3.3525511777999775 -4.3018612278770245 
236 compton 0.004344885031368678 -0.14211955102132112 -0.15690185601970263 
236 compton 0.0016800230575473515 11.730811164509252 -9.649521947345471 
238 compton 0.05397279979638654 1.7335717700123183 10.0 
238 compton 0.02527692247735551 -3.113403963386318 12.140889156637854 
239 compton 0.049856896088655026 -9.595002200477321 10.0 
240 compton 0.0040663592053593045 11.814121076929924 10.0 
241 compton 0.053329796472050287 5.56364108996789 10.0 
241 compton 0.008901732207186291 -3.715130669276702 4.975380968722002 
241 compton 0.006546290158791768 -7.424704645240146 7.470563833164107 
241 compton 0.005986957053008446 -7.401380025989912 8.185020984459454 
241 compton 0.0043391048371888424 -9.338296329683045 9.387228097735766 
241 compton 0.005664555540297739 -9.480098194610171 11.453094253998401 
242 compton 0.022570148667634488 -11.06750472573641 10.0 
242 compton 0.036089757910838335 -6.817713495740273 0.1637143416351261 
242 compton 0.010534675252475895 -7.088986149082495 0.22333589031708895 
242 compton 0.016052149800432236 -9.115157607120565 -3.5716358602826785 
242 compton 0.002261975147385395 -5.8412424835183625 -3.1992546146337433 
242 compton 0.009401704165199892 -5.627933760522396 -3.3654343832951095 
242 compton 0.0068377833933878016 -5.171539059096753 -1.0811497376679022 
242 compton 0.006062028493803877 -4.541032514670248 -1.544667674984607 
242 phot 0.040189777168842075 -5.32426552586039 6.630178012817041 
243 compton 0.027423303261781606 -8.698033408452943 10.0 
243 compton 0.028592007241893286 -8.533751316645885 9.32912001120767 
244 compton 0.047986599324424506 -11.872156081248214 10.0 
244 compton 0.02548867486833732 -12.381507581267753 9.325236302873526 
244 compton 0.011242444184248968 -8.17798137408175 9.685508712943903 
244 compton 0.001813727735362869 -8.678272653159105 2.0036378348548585 
244 compton 0.005542034918853939 -6.096056666753878 -1.6366838807630697 
244 compton 0.00448167588627417 -5.765077757994238 -1.5024925664340305 
244 compton 0.0025984566187644276 -6.871976535622226 7.533469965789765 
244 compton 0.004747485500027321 -6.511815150391904 7.812233644122515 
244 compton 0.005499279033947445 -4.676890919744897 5.261943085249831 
245 compton 0.028319746275389857 -11.11145017341445 10.0 
245 compton 0.0010150592441902223 -8.707137303866219 -1.3556923915326529 
245 compton 0.01046596562263126 -8.717962975462687 -1.5422877757642746 
245 compton 0.0004539726243977388 -1.528500561337446 -7.582034446683206 
246 compton 0.05154435966821526 -10.002569783401782 10.0 
247 compton 6.930224491830117e-06 -11.54155177407611 10.0 
247 compton 0.007275755698569281 -10.335992544629999 9.978607689249626 
247 compton 0.03795161186128586 -5.090791264344238 6.265609379970469 
248 compton 0.046698844589626434 -11.522500751423669 10.0 
249 compton 0.054335226162473424 -5.3380656655253755 10.0 
249 compton 0.026011534112778567 -10.21302688502961 8.149381992786369 
249 phot 0.069653239724748 -5.920840176486274 9.293602735983153 
250 compton 0.05373731889117565 -9.372330205305639 10.0 
251 compton 0.016796212462650062 -12.299937351761272 10.0 
251 compton 0.04563664751448754 -2.0731168244271156 -4.7249529735776505 
251 compton 0.004574045440767588 -2.577137475799428 -3.937727863051431 
252 compton 0.05214324743705441 -2.6410984316843127 10.0 
252 compton 0.02073433188549932 -5.132489296051127 8.230264445711208 
252 phot 0.07712242067744626 0.5173704117160405 4.8636889410047655 
253 compton 0.024303739265242152 -1.0551530988756568 10.0 
254 compton 0.030593515225756693 -8.229046811868825 10.0 
254 compton 0.03358020504181901 -7.49047578746846 4.239274144179856 
254 compton 0.004407486237666847 -5.628662054690221 6.435624255419393 
254 compton 0.0020071502522130413 1.8840537887654625 6.74739212747064 
254 compton 0.016247831041054595 3.674055424806232 8.005030613384207 
254 compton 0.0024935458358687143 -5.3982339191533235 10.261930974637087 
255 compton 0.039424190488328986 -11.561966638793837 10.0 
256 compton 0.009818383244005247 -10.66343575855572 10.0 
256 compton 0.0247189289318388 -9.14869104115059 8.71027581935407 
257 compton 0.046763903664705925 -9.016412780182327 10.0 
258 compton 0.022393119564673936 -11.812076558475528 10.0 
258 compton 0.04198697663033292 -9.941416727198337 5.741457973720816 
258 compton 0.01126762933691726 -10.761295490199807 11.402552899885526 
258 phot 0.07435227446807588 -11.589461268481177 11.362661927722522 
259 compton 0.04585648620008943 -7.699274027816303 10.0 
259 compton 0.02473104051005129 -11.883864200210272 2.7525397331227044 
259 compton 0.00559745760754142 -12.082888494013371 3.1249116405608515 
260 compton 0.05539700088192635 -0.44889456135268624 10.0 
260 compton 0.011931135091488854 -11.192701641593903 8.905756537148918 
260 compton 0.007642464187286743 -11.389890244928813 9.493341149733055 
261 compton 0.010111628903288566 -9.909973594947145 10.0 
262 compton 0.035981161029508504 -7.942656939062557 10.0 
262 compton 0.020169566151557586 -8.021015557282835 8.958843019610601 
262 compton 0.018680306340095557 -8.714366331962198 8.985409018781104 
262 compton 0.01661475219455212 -7.569425543346288 5.5603351073987 
262 compton 0.0015802679498005748 -9.67873412667216 8.05511462631125 
262 compton 0.00931859041850424 -9.65671459871875 10.56507884156378 
262 compton 0.0011953661666294496 -8.542086166979143 9.263501348911035 
262 compton 0.006298898833797591 -8.059366715918971 9.214302921568596 
262 compton 0.0029618396136158534 -8.11874516331442 9.168397138105199 
262 compton 0.00019069666301696486 -4.246957434087371 4.2934067926849915 
262 compton 0.00036286704396645136 -2.8977298898521155 3.5189443771700066 
262 phot 0.0366456875949551 1.568262780138598 3.554606881194098 
263 compton 0.015603105646746024 -6.5572894440958445 10.0 
263 compton 0.0004158634779595771 -5.540694470595021 8.660323680413818 
263 compton 0.008783567678555343 7.198074118527975 -3.639751436073041 
263 compton 0.0021510316299742926 7.676471969053681 -12.491886510783036 
264 compton 0.03027554469831467 -7.494760547159895 10.0 
264 compton 0.0037549331988073475 -7.302764981738524 11.372557887111459 
265 compton 0.050399117158131626 -7.3632130671645335 10.0 
265 compton 0.008840823010833332 -7.989452141914264 10.596986244776671 
266 compton 0.01296624964192572 1.1913790272361577 10.0 
267 compton 0.024652558957797638 -8.115148828812318 10.0 
267 compton 0.036361208395362804 -6.671699165366087 5.870912824868431 
268 compton 0.0023316876938664355 -8.96005061185705 10.0 
268 compton 0.027733126231372543 5.843974271549975 4.937745695776212 
269 compton 0.026273289275568892 9.973860450628829 10.0 
270 compton 0.001904780094747871 -7.153144946233263 10.0 
270 compton 0.002963948741095679 -6.41958838959444 9.775397943205785 
270 compton 0.0157605480641696 -6.097980957409455 9.801354637217631 
270 compton 0.003900753677794938 -2.124409369433373 4.970482610475589 
270 compton 0.03543893521579741 -0.32743364594610136 4.24926788178315 
271 compton 0.004684327758368773 -2.7891222193910714 10.0 
271 compton 0.006750219950349523 -2.1505094690003412 9.673154911411814 
271 compton 0.02290092377554334 1.167921730886719 3.6522124220007957 
271 compton 0.021096489601730772 0.9125790209550692 3.401148077496716 
271 compton 0.022501789952804774 -0.2891775683821106 4.588606486334728 
271 compton 0.015167473433789283 3.075809024644057 4.702322492783324 
271 compton 0.003267432428091903 1.7001622384399193 3.9384781485669786 
271 compton 0.00019573704960081095 0.3772625116817776 4.831844807830908 
271 compton 0.009190988937921633 -8.127942983881278 7.735446784630647 
271 compton 0.006411074221467174 -8.023475694070129 7.718096878467661 
271 compton 0.0022390039839282547 -10.754146795417933 9.066016194233255 
272 compton 0.01028248680809235 -12.455418638472882 10.0 
272 compton 0.0309035109870594 -5.078691950391494 3.480196096417946 
272 compton 0.02858683708110353 -7.631819296675438 0.8075352940476281 
272 compton 0.005226647799622022 -2.174183472855338 0.6774603599715106 
272 compton 0.012174189446708505 -1.4415318067249459 -0.475986150350054 
273 compton 0.04606160072500523 -12.328403932703717 10.0 
274 compton 0.012056981588896676 -11.394431347577921 10.0 
274 compton 0.01513187908076842 -5.935459172655557 4.465598067744482 
274 compton 0.038177696044295856 -0.6594923965971207 5.556280798577413 
274 compton 0.003624751650640509 -5.174206166890096 1.7133624022179426 
274 compton 0.01130485725215584 -6.182504975826747 -7.180018405836581 
274 compton 0.005156975132056485 -5.741448564762564 -7.219749970244164 
275 compton 0.0012193148566229384 -8.866928786445381 10.0 
276 compton 0.03879354642809878 -4.353791037720169 10.0 
277 compton 0.018000073450519266 -7.209437048302333 10.0 
277 compton 0.02601801544469516 -0.37856131485973776 -0.7742938070749936 
277 compton 0.0036659022390071877 6.608458036885051 3.1835139704379 
277 compton 0.02296965419687541 7.4677964619989865 4.923209861875524 
277 compton 0.00303364208821251 7.56359570848164 4.79717594196588 
278 compton 0.041079839343546906 -6.169950686884171 10.0 
279 compton 0.03861457456399717 -0.9131757849631637 10.0 
279 compton 0.004634319482427082 -1.6064563178415767 6.233139041044788 
279 compton 0.004590018326588272 6.984075030367531 -11.101721764878585 
280 compton 0.0009921319081574176 -5.941257177162546 10.0 
280 compton 0.006611167478221686 -0.828485693542043 11.107908315359746 
281 compton 0.01928208241949017 -7.987712202389594 10.0 
281 compton 0.014305416450029293 -5.725672504643764 6.055652080549548 
281 compton 0.01719603589326288 -4.075691758442087 6.013228372325814 
281 compton 0.013845031759481027 -1.3130942351919765 -6.586421387917882 
281 compton 0.020134105348173476 6.983707660456903 -6.1683766014106425 
281 compton 0.008837859006698555 5.341592107108417 -7.3165773336454 
281 compton 0.0032378354334637108 2.1925813595598194 0.5500555929407014 
281 compton 0.006437161417057198 4.401568518980234 3.0418431177914487 
281 compton 0.005171905088804052 7.391404937340944 -2.2379083172924172 
281 compton 0.0005753750381682979 10.304368029302392 1.3207164075220805 
281 compton 0.000902709245288652 10.76625539378626 6.468302896466971 
281 phot 0.040074482900082684 9.537952391907963 7.990947648802376 
282 compton 0.05240407632514474 -11.05394551149693 10.0 
283 compton 0.005507137183507593 -12.125490147387456 10.0 
283 compton 0.007568759896008165 -0.8964666612753724 3.641028197022645 
283 compton 0.009684352996271767 1.2309649977639614 3.8990042815595474 
283 compton 0.010025538953815624 2.7445425337911993 5.781017162125259 
284 compton 0.023727253001034676 -4.7401136644520925 10.0 
284 compton 0.01287263590368573 -4.220745502010816 11.34651445942796 
284 compton 0.0029679091617053066 -2.5567384284162187 11.689117311126974 
285 compton 0.006902372797401413 -7.951028874639073 10.0 
285 compton 0.023040418474282523 -6.277301938982184 8.90000253554446 
285 compton 0.03449971866648767 -7.037979119474915 6.055503212693189 
285 compton 0.0037008449072241656 -6.947578230226917 6.109344062013716 
286 compton 0.03400540540399498 -5.437467963454128 10.0 
286 compton 0.016118934107799507 -5.431743665634595 5.559016639172751 
286 compton 0.01306395099530043 -5.538398337199126 5.526667547995122 
286 compton 0.0010092417756697863 -5.475688038993268 4.52218540958663 
286 compton 0.01759006394733459 -3.121755437073521 -0.5216340490613369 
286 compton 0.004444627532979445 -1.2236097019277188 2.4480352067491014 
286 compton 0.00723722897914552 -2.472244302594983 4.712843104610285 
286 compton 0.0004226125723980692 -7.124402183717422 1.9885141971698226 
286 compton 0.007579826594832084 -7.7578183420927 1.8871856497086785 
286 compton 0.002955693414416101 -7.2024336588339875 3.8361091792019955 
286 compton 0.004700698037525382 -9.713341597270649 5.554781761491057 
286 compton 0.002547021652919486 -9.244707729969472 5.931229026463837 
286 compton 0.0045745845140378535 -6.954175564998245 3.90542026757003 
286 compton 0.0037838141484103673 -7.23681910610019 3.9317333468204176 
286 phot 0.029966296323236396 -4.959654186196314 2.640045976114453 
287 compton 0.018714432267392472 -5.574196896919271 10.0 
288 compton 0.01029554127702717 -3.8014835576295063 10.0 
288 compton 0.02298807736526358 0.7520839259411378 5.9712147063832965 
289 compton 0.014007439075507527 -11.861515431556318 10.0 
289 compton 0.019559027785628888 -4.5477324167026705 1.4289076927203652 
289 compton 0.010012091701567916 -4.369252394345842 1.4897836489952478 
289 compton 0.0029048046027000396 -3.112839160673932 5.569148233822009 
289 compton 0.0029196526864192357 -3.9105914846224596 9.033079406921281 
290 compton 0.05087536246394224 -10.54738024740752 10.0 
291 compton 0.04881433842276921 -11.94902925202069 10.0 
291 compton 0.017029737213114293 -12.409140850670216 9.452631289238791 
291 compton 0.008254652275802923 0.0947303772717234 -0.5981767661382573 
292 compton 0.0054977452050306574 -9.773762488315846 10.0 
292 compton 0.04885394086895378 -9.40794546677885 9.793064003423533 
293 compton 0.03716948603693061 -11.46750813993611 10.0 
293 compton 0.028285253794305118 -11.665111024641355 8.395740997376274 
294 compton 0.0011868534592632263 -10.361475758365216 10.0 
294 compton 0.016163663839970643 -7.930612320070862 10.578510266948943 
294 compton 0.013396062600961989 -4.18958268008835 7.320540176409068 
294 compton 0.037535356970750805 -4.192385661222242 7.295908339908772 
295 compton 0.04372428439617444 -7.1006549166589314 10.0 
295 compton 0.013764835763654393 -7.202798641828714 9.76705689652552 
296 compton 0.04989593391105128 -7.674589667978924 10.0 
296 compton 0.010622470172693257 -8.659499591022218 11.01038716749229 
296 compton 0.004082431064947406 -10.409767354385286 10.336284656194838 
296 compton 0.02046970897814715 -12.483867968822898 6.001906980473825 
296 phot 0.0649294558731609 -6.160435605668329 10.7417275486921 
297 compton 0.003527360158777887 -11.182387252741776 10.0 
297 compton 0.04761231082547486 -10.944088530871245 9.897025661037354 
298 compton 0.01723283232577491 2.6252133537419393 10.0 
298 compton 0.034124232582441474 4.883630638882751 6.63980651401989 
298 compton 0.001920236639739864 5.472478001034856 7.428731822168743 
298 compton 0.022186466356821546 5.620031213830605 7.504073900835732 
298 compton 0.004779826529767162 5.319785956417244 5.335083689375741 
298 compton 0.0026731308719774444 2.6050464974391825 4.118440334279848 
298 compton 0.011203104999483772 2.49142513418725 3.8215167493692976 
298 compton 0.008307024797946712 -0.7808271119423882 8.125429414553851 
298 compton 0.0011751289502361512 1.278587594458957 8.147195330776482 
298 compton 0.005101917956522227 2.9027381789923776 6.649549571220256 
298 compton 0.004929731647337433 3.473326233714283 8.095152731915364 
298 compton 0.0038760157814002605 3.984376659059963 7.038943399442353 
298 compton 0.003099419893997809 -0.8170960878375517 8.48266338597377 
298 phot 0.02939093066655323 1.1670760283824329 9.726079596129182 
299 compton 0.0027093999143648906 -10.36220305123131 10.0 
299 compton 0.05318271160969486 -7.620900920215869 11.019009960171282 
299 compton 0.021906529763237453 -8.278697064460717 10.97006260064858 
299 compton 0.00799191974419404 -5.766585619876153 8.423367331330022 
300 compton 0.03436397615724904 -3.3995479544107177 10.0 
300 compton 0.031150324019304745 -3.5155132383833543 0.6271158417113494 
301 compton 0.034468370573189744 -12.268007010574953 10.0 
301 compton 0.015523089336297521 -12.434439531974025 -0.16896523115739015 
301 compton 0.018058132061089943 -12.330135893481915 -0.20529981935507527 
302 compton 0.012123692385738988 -10.620297960522368 10.0 
302 compton 0.020068101703655486 -1.9972105456996303 1.213681741826612 
302 compton 0.00553904658548586 -2.616126913245467 -0.18271434254351449 
302 compton 0.013031113991391646 0.21667493219510314 -11.31007641912593 
302 compton 0.025049406189797244 2.9965676547178566 -11.772317453740524 
302 compton 0.0025259794495302718 2.5262712497914994 -11.174087958886119 
302 compton 0.0010735287523319648 2.6863504087601466 -7.659808706545773 
302 phot 0.07058913094206853 2.1519301311850936 -6.477433697637493 
303 compton 0.026675944030899762 8.04617044617297 10.0 
303 compton 0.004453363955553222 8.244671721179527 10.727854854757233 
303 compton 0.011395497857893538 7.961930768556312 11.647013942547146 
304 compton 0.038758546404549024 -8.471905187340205 10.0 
304 compton 0.012531874928451245 -10.584829428166403 -1.1031492267671368 
304 compton 0.02612162801636346 -12.313670993958134 -1.5296733674453014 
304 compton 0.015009379770906411 -9.175304586218008 1.5234480287503216 
304 compton 0.0012385331675515768 -11.133270559106544 -7.371236823688356 
305 compton 0.050159573790361275 -7.66566204799126 10.0 
305 compton 0.025493460615369515 -8.424225436855101 10.749165223061993 
305 phot 0.0743469655942692 -7.69028274403603 1.1747533099465883 
306 compton 0.041134903279142584 -3.346975581331062 10.0 
306 compton 0.01365745545442347 -6.094771711353234 0.8360983383070497 
306 compton 0.02142398279837271 -6.416825496095758 0.8227398731928326 
306 compton 0.0037608776832095403 -5.94493219447081 1.5906160690797715 
306 compton 0.011119506040413951 -4.673659911990571 1.7541966688151907 
307 compton 0.0028808282560458254 -3.196736942048325 10.0 
307 compton 0.015807694168052694 0.13523110281501838 11.28209696025012 
307 compton 0.015126260763532198 12.072519509933816 3.419219313947001 
308 compton 0.05393446015868687 -9.293097586213879 10.0 
309 compton 0.05543030066999441 -8.737805033136526 10.0 
309 compton 0.007695258843820024 -10.318368497694925 9.872365965335918 
310 compton 0.050949973407517835 -12.228887862442354 10.0 
311 compton 0.007898359695979462 -4.15595760735034 10.0 
312 compton 0.002107960109326762 -0.6927671112985649 10.0 
313 compton 0.014169317393663838 -9.264760109172698 10.0 
313 compton 0.026750932955891968 2.748568768516412 -4.247126066767176 
313 compton 0.031339053218288754 1.1311695551564747 -5.840792845215882 
313 phot 0.07774069643215543 2.556644022402219 -1.481430870459203 
314 compton 0.002173742160492681 -5.665822051506071 10.0 
314 compton 0.00037296546467122105 -4.158185933531993 9.503961028362 
314 compton 0.0031348576920119386 2.0634901495810904 8.33624492010436 
314 compton 0.015262009829817819 2.804064854021129 8.490196747714894 
314 compton 0.027408466726411895 3.5335569319827846 10.144439862205957 
314 compton 0.005609444682991432 4.272813113151266 9.756725871739786 
314 compton 0.02266868494529395 6.316129327947242 10.396436829428586 
315 compton 0.006343359584833785 1.4612991331138776 10.0 
316 compton 0.009797696618539298 -11.91285409257464 10.0 
316 compton 0.022881000843942262 -3.4549483405772907 2.8106468627509917 
316 compton 0.01681827230527415 -0.11276847271736079 4.96672210264868 
316 compton 0.014882283093763535 0.14977893653922764 4.734916321015991 
316 compton 0.0019386187003188754 7.663724589395155 11.472769987313704 
317 compton 0.022578454295643313 0.570139072074344 10.0 
318 compton 0.02344751491869146 -11.620845481529354 10.0 
319 compton 0.05278946057270449 -12.267041703891604 10.0 
320 compton 0.02422044352162825 -7.334872828374555 10.0 
320 compton 0.03657409834329048 -7.124357578988495 10.574608423449765 
320 compton 0.02167434266097723 -6.788292594514061 9.946378609351328 
320 compton 0.005472607193038444 -9.81319192004345 11.612183018168322 
321 compton 0.008118117060168684 -6.63133619036103 10.0 
321 compton 0.007029865089550558 -6.506521080758639 10.09196141751935 
321 compton 0.025832287523595482 -0.021782738135550872 10.1709972832399 
322 compton 0.035683318317340604 -12.026642768287358 10.0 
323 compton 0.04448509928386554 -10.637691092126373 10.0 
324 compton 0.0537032691522773 -10.622002126095508 10.0 
325 compton 0.05537489458736415 10.325248799291982 10.0 
325 compton 0.023679405700701872 4.923187999121663 10.614535899247217 
325 compton 0.01458030702843309 7.558342209093378 8.1462783947083 
325 compton 0.0013818174733121538 -9.197648222050699 11.953024326976497 
326 compton 0.014467127361714238 -11.918305364126866 10.0 
327 compton 0.008191115507751756 -5.772374708261102 10.0 
327 compton 0.01660079665908601 -4.112005461046089 11.231336976133527 
327 compton 0.01887117304013887 6.0043746949895995 7.152904602899433 
327 compton 0.016587326057918905 5.8358580020638335 5.536456867912012 
328 compton 0.011015637813665768 -8.882237162668405 10.0 
329 compton 0.0019773142127484933 -12.292825272811465 10.0 
329 compton 0.006312361998194099 -11.043764608657568 10.39027104064458 
330 compton 0.002671369756729769 -9.610782593278124 10.0 
330 compton 0.04646887252641223 -3.4371240891983055 7.72320391875178 
331 compton 0.04956534608457455 0.7579000554672586 10.0 
331 compton 0.014786012525612596 -1.1854513266491473 12.088446563859817 
331 compton 0.021057006636307468 -4.07680331243213 9.99148257594467 
331 compton 0.011101501325875215 3.8569146140273434 12.396109972584185 
331 compton 0.002132193940552904 3.536008715366781 11.642802859496747 
331 compton 0.0022150835190698145 1.6003130298505588 11.158776934706244 
332 compton 0.05106335591891521 -10.081573957331528 10.0 
332 compton 0.020292841505952258 -11.021381201655943 10.808059634995569 
333 compton 0.0105840139652012 -5.72142537509253 10.0 
333 compton 0.021959950775874676 -5.550390797727779 10.154819277668574 
333 compton 0.013370602097279291 -3.721041805842429 9.119630938970296 
333 compton 0.02756532263205219 -3.9122726824089535 5.831265515499167 
333 compton 0.0042789377150323216 -2.097877728295921 7.769901641378956 
334 compton 0.00446622357063689 -10.082149981297805 10.0 
334 compton 0.03525452072322592 -7.44005554328872 11.31345358868296 
334 compton 0.0039812253165700945 -1.3822478840007326 -5.890553147572335 
334 compton 0.02092898985351066 6.768159034975636 -11.885955924744664 
335 compton 0.05415863550408383 -11.72528698842415 10.0 
336 compton 0.04054032032066403 3.1049076794361383 10.0 
336 compton 0.010340492441253929 2.7049570452781637 11.474902459840596 
337 compton 0.044475052160294556 -1.9114539499376644 10.0 
337 compton 0.028015735095385172 -2.2944433444698458 9.209002356340811 
338 compton 0.053799320118497335 -4.3107387652756906 10.0 
339 compton 0.012090359417492397 -8.859526672242906 10.0 
339 compton 0.030585315135312 -7.09475342301266 11.793667809729534 
339 compton 0.0026940549386165885 -7.519171746442289 12.166892304927272 
339 compton 0.023650423942690596 -7.584216556128192 12.345570259147982 
339 compton 0.002634130863697154 -9.145772732083271 10.770918740513103 
339 compton 0.013811057548223885 -10.018553822083273 10.660301235490193 
339 compton 0.008841941377071394 -5.20572610723273 2.5035489468348473 
339 compton 0.007437518330041568 -3.8749606696419336 3.854992395914685 
339 phot 0.048255198446854414 -1.9988661143679898 -1.039125584733696 
340 compton 0.0323045717100873 -12.385274446630575 10.0 
341 compton 0.04152424626349484 12.074249175366871 10.0 
341 compton 0.01998144810888705 11.074095148566709 6.866448374592154 
342 compton 0.054980613496865366 -6.824947578584449 10.0 
343 compton 0.024082406421813946 -10.422908455813959 10.0 
343 compton 0.005281131590819707 -9.315832186443446 7.022042522970528 
343 compton 0.03631059007214145 -9.332128022027716 6.958050886557732 
343 compton 0.002906049398493246 -3.8409663783181323 11.764511709049899 
344 compton 0.04292642489973589 11.68352984151151 10.0 
344 compton 0.000530150967335663 11.490266007456903 9.508211417248246 
344 compton 0.003630659542398121 11.161490979004139 7.418836687384642 
345 compton 0.022401651368663983 -2.3565826489107824 10.0 
346 compton 0.01586513074602347 -7.398017590764047 10.0 
346 compton 0.0003033276711027766 -5.685472296507147 7.6991108606981165 
346 compton 0.01962174052986093 1.8881010373786289 -0.09034610850720082 
346 phot 0.11420980105301282 -3.189605100908885 -10.648753253522113 
347 compton 0.01774878611947711 -1.3683212321136864 10.0 
347 compton 0.024588612754981115 -0.03165712546487209 7.931853459430146 
347 compton 0.0039842758504889525 -4.105666097463143 4.5584621484458285 
347 compton 0.029392633747768418 -7.290318148721355 4.309431897898116 
347 compton 0.004842497616563607 -6.660105669340148 4.155831562847355 
347 compton 0.004983717696057446 -3.6346396286756635 7.175921290921563 
347 compton 0.002603976043027978 -4.246477642510017 8.912025418941184 
348 compton 0.010014728811074708 -10.742761463029524 10.0 
348 phot 0.1399852711889253 -5.467589899691435 5.436554019952203 
349 compton 0.00757632502601821 -5.638489163502608 10.0 
349 compton 0.0057411513984758356 -2.69356762361368 12.064902739322958 
349 compton 0.00011378413181994951 -0.9495249412324567 12.161564904383866 
350 compton 0.0004199466775579308 -3.556823125041074 10.0 
350 phot 0.14958005332244206 -1.2766593161530215 10.317642693187953 
351 compton 0.0246159565027953 8.049938180148965 10.0 
351 compton 0.007335524398170021 9.97112382460504 4.526482243490074 
351 compton 0.007690305923494831 8.549391943752948 1.0684479471805708 
351 compton 0.02873787426649127 0.9315569451020096 -2.0009367576076715 
351 compton 0.015512607904204917 4.2940274187352845 -3.8633143667827943 
351 compton 0.009332636893429613 4.301586250149938 -3.4320492241290665 
351 compton 0.006507076759051003 4.330136583389332 -3.4406175578205342 
351 compton 0.001876368061850285 4.486706505422741 -2.201775932843894 
351 phot 0.048391649290512755 7.6482434310482645 -0.3701327545034787 
352 compton 0.0007410121387962654 -10.548505623416712 10.0 
352 compton 0.04392227826318547 -5.785866859010485 9.112775085864396 
353 compton 0.05116528212583718 -9.436782482481952 10.0 
354 compton 0.05043804575346536 -6.7042868464856245 10.0 
355 compton 0.029618334932515325 -6.271078694430161 10.0 
355 compton 0.003966572251084252 -6.23418797601333 9.775051113567985 
355 compton 0.0056867910557347745 -2.0559819461611673 4.885255174577579 
355 compton 0.028963875776133838 -1.0092755442055794 4.695930443934265 
355 compton 0.007444476422666144 -2.2531374251992697 3.6393765187188993 
355 compton 0.01633640889351779 -1.0496721210189122 0.018144401874260474 
355 phot 0.05798354066834787 -1.8342746730115311 0.9939173478291835 
356 compton 0.022208635149066847 -11.316855808536847 10.0 
356 compton 0.006667687772463696 -10.03730492636302 7.136423193240116 
356 compton 0.031966076999977555 5.666361541562049 -0.9246283055690103 
356 compton 0.004954892607835035 3.1412222323963963 -2.501938019146692 
356 compton 0.006416134092152928 -5.110866274325561 -0.05747735783284247 
356 compton 0.015479880698297588 -6.3533987362304885 5.133257782741662 
356 phot 0.062306692680206346 -11.67148706604788 -1.8395898831362754 
357 compton 0.010023225435030314 -5.260542925379394 10.0 
358 compton 0.016096578785252696 -9.20263027037036 10.0 
359 compton 0.042126209302879455 -5.954244269582204 10.0 
359 compton 0.030262267755901892 -6.324387438051168 11.057551584982182 
359 compton 0.014139937246147344 -5.382180160044582 10.305318903953053 
359 compton 0.003069434461432506 -4.983111034331009 12.40170448155657 
360 compton 0.002778171629260917 -12.416719774879661 10.0 
360 compton 0.03331739240713451 -3.5489209815480294 6.6568831452206245 
360 compton 0.0011605881397052514 -1.5814364982186484 12.127295503786161 
361 compton 0.022420354350568578 -10.991984036323306 10.0 
361 compton 0.0017447348613446045 -10.079317331886365 12.082956862619797 
361 compton 0.008956068665232478 -9.988550874149249 12.180819212163291 
362 compton 0.045595915921090274 -9.842074892981849 10.0 
362 compton 0.0018927360256397602 -11.726028202978366 6.628320800795793 
362 compton 0.005053175183716743 -11.880250345044777 4.731802946859371 
362 compton 0.013834461159706296 -6.3868785522037195 -2.4303162627813215 
363 compton 0.03261036312122488 -7.798544307049427 10.0 
364 compton 0.0468656458545508 -7.141669643000258 10.0 
365 compton 0.03151184226570736 -3.731431300808662 10.0 
365 compton 0.012900151905321885 -3.4070710411196248 6.564615371081734 
365 compton 0.030571180270668893 -0.6608272278606049 5.407823313510426 
365 compton 0.005372258526604098 -5.450974357249141 6.193130346736264 
366 compton 0.0036704814991980472 -8.264726981567092 10.0 
366 compton 0.023958308051610103 -4.9705587552491055 8.543090211231322 
366 compton 0.009416878595873368 -3.7217547667355264 9.915622109818118 
366 compton 0.015682063415518824 11.143478803918594 9.496466282723096 
367 compton 0.050153234499422036 8.218281395650495 10.0 
367 compton 0.017969782931639935 1.5574259839311706 3.4155827084377695 
367 compton 0.010763012057407567 11.207666037343081 -4.192658121312382 
368 compton 0.03969653366249619 -8.807223146163222 10.0 
368 compton 0.028806063372295132 -10.245689719320598 3.7999925500667144 
370 compton 0.014537875784561893 -10.134986338788726 10.0 
370 compton 0.011349923909923662 -6.973673471039972 6.147941541239874 
370 compton 0.03987229866321354 -8.345802169846083 -1.876816542692973 
370 compton 0.011235253161413161 -9.862542301817836 8.015679378609384 
370 compton 0.01155043265534475 -8.141786136369621 8.398019619432983 
370 compton 0.00987843513659787 -8.193202766702548 7.897786300441004 
371 compton 0.051598293398817524 5.952210990240578 10.0 
371 compton 0.01578955553458425 4.902606251379942 9.175350020442522 
371 compton 0.003334412666817624 9.745951576506648 2.9151119015246643 
371 phot 0.0792777383997806 11.184820945951868 2.661670057900678 
372 compton 0.014156389142355313 -0.18300788407385404 10.0 
372 compton 0.039895926400631374 2.3801419573871847 6.96313745888156 
372 compton 0.024503875921605356 2.900479125074816 8.840354720974819 
372 compton 0.01227266525805222 2.9818546870340676 8.600640164729297 
373 compton 0.009945125624286899 -11.589771651947103 10.0 
374 compton 0.03842577928182217 -9.55161534904198 10.0 
374 compton 0.004043865110413061 -9.655194100401175 9.411163836951165 
374 compton 0.0173854395876928 -9.661811857727088 9.404336444700782 
374 phot 0.09014491602007196 -10.415234617694093 10.021382885055694 
375 phot 0.15 -12.435909761750425 10.0 
376 compton 0.02028888121645353 -4.751661380414382 10.0 
376 compton 0.011953835433947832 1.8236907472233304 -2.445447763954755 
376 compton 0.0016075828078794263 5.0128193329661555 -2.952112162298917 
376 compton 0.014050981596570214 5.376296024426205 -3.153473317986261 
376 compton 0.025828114051881623 5.074150881299476 -6.1546608783583245 
376 compton 0.0029723292091443643 2.0009810022838117 -2.5224727391300252 
376 compton 0.006226742510446637 0.4213888669879591 -2.342195919732765 
376 compton 0.009496631783055196 0.14451871823094786 -2.881654835334263 
376 compton 0.010144822370804399 0.6592205474786293 -2.99384385826474 
376 compton 0.007279782178317304 0.284957305400854 -2.6977038365425567 
376 compton 0.0003423582085413379 2.460937319602916 -5.912676803812123 
376 compton 0.004769253620189519 2.962345345970499 -9.977099788630111 
376 compton 0.0008024817914603563 -1.0598534188733333 -6.441081617173232 
376 phot 0.034236203221308256 -3.805957499300542 -6.8036254551335045 
377 compton 0.005017217226917309 -4.140499342897357 10.0 
378 phot 0.15 1.582525297259597 10.0 
379 compton 0.02193991686395652 0.8304369261823314 10.0 
379 compton 0.026782860168853548 1.7080138851613103 8.0836034405697 
379 phot 0.10127722296718993 0.867313853288473 7.7534979908332 
380 compton 0.01992767079186661 -6.463188927662955 10.0 
380 compton 0.033176049456947215 -6.397385812993515 9.879109262080624 
380 compton 0.02280284392590287 -12.05349093813656 9.04665382740483 
380 compton 0.00346684605386495 -11.950765587190139 9.223407530511754 
380 compton 0.0018813682995523773 -5.115618754310564 10.582662489653881 
380 compton 0.0031679733712796643 -2.1843010676161563 9.188760553138106 
380 compton 0.005732553248240346 -1.7860591904118002 7.640789944604973 
380 compton 0.008815702561490543 4.804365432810193 7.610732662987122 
380 compton 0.0029683896889901792 4.215329729348323 8.713547102273868 
381 compton 0.01350204928340093 -7.4051280031917175 10.0 
381 compton 0.03658400365580741 -2.6966761298484005 4.6837981193820735 
381 compton 0.02103365702246622 -2.1114869462062007 5.846955952981621 
381 compton 0.010130298558358411 -7.811840531174604 6.383313728566388 
381 compton 0.0046687717771967535 -9.447842115581967 -5.2872624088780364 
382 compton 0.04440498327032902 -2.5696487933839567 10.0 
382 compton 0.0027286411366812535 -3.155366777412901 8.77921895922398 
382 compton 9.426923787386743e-05 -4.9412869029647934 7.527874444863188 
383 compton 0.01925274874288546 -8.641612889744788 10.0 
383 compton 0.033612066558940626 -5.259972891512307 4.1171845718296245 
384 compton 0.02382631280011921 -11.635360205507848 10.0 
385 compton 0.03906243155613637 -11.01377692229985 10.0 
386 compton 0.04137634311711301 -11.000991853461032 10.0 
387 compton 0.03051892176307272 -3.4771783793116526 10.0 
388 compton 0.04124219589365108 -6.11892446643774 10.0 
388 compton 0.004037931163287281 -10.214041792690079 -3.4208690439596747 
389 compton 0.009208633797798377 -4.622329068289212 10.0 
390 compton 0.0513102899113556 -6.323316517313745 10.0 
391 compton 0.022349146730531233 -10.719728623698344 10.0 
391 compton 0.004192807426510084 -9.9588650940593 8.274965797064864 
391 compton 0.026004731157369662 -11.366580687346437 -4.226235383660763 
391 compton 0.02572646922037658 -8.429968346798637 -4.248156341037698 
391 phot 0.07172684546521244 -9.802404552664079 -4.973098389060224 
392 compton 0.014754799991200607 2.5393764269350942 10.0 
392 compton 0.007911653384701761 4.259458262493643 12.12958633040992 
393 compton 0.014154844038972741 -7.1981722858584085 10.0 
393 compton 0.03362585154582376 -2.690420440331895 4.659747316988482 
393 compton 0.00688845866781973 -3.7649520644657772 4.125557735030433 
393 compton 0.0032997949004423682 -4.392253536496697 1.4650281555278584 
393 compton 0.017378871594947345 -9.770801386537995 -3.147417513134296 
393 compton 0.0019379163521373033 -7.664068491946841 -4.482889460564031 
393 compton 0.00476842544612982 -5.772995051004701 -9.054776384290651 
393 compton 0.004318137682595563 8.90937831379955 -11.113061002379595 
393 compton 0.0038754092367140336 9.1820384121591 -11.811161710137629 
394 compton 0.0011856088164649559 -11.999472127439404 10.0 
394 compton 0.051470206861496365 -9.265624936774584 10.650257588692815 
394 compton 0.022322295770407063 -12.207880325169128 11.837400988729968 
394 compton 0.013600247484079488 -11.443696174291988 8.307769684600297 
395 compton 0.025427285126801244 -11.866170825279143 10.0 
395 compton 0.0335408458322477 -10.849809081314536 6.822364839016631 
395 compton 0.003345026401852802 -12.30831287812206 7.159626602405207 
396 compton 0.025310135157641883 -10.093193166608895 10.0 
397 compton 0.049721290206637056 -7.850539585722641 10.0 
398 phot 0.15 -9.985483260271696 10.0 
399 compton 0.030840321200023224 -10.48127634640186 10.0 
399 compton 0.01108599245179645 -10.416431061375581 10.544278166439003 
