0 compton 0.012755697464129745 -11.285350955006507 8.333333333333332 
0 compton 0.030170696427544094 -6.419975892585639 3.135583874421913 
0 compton 0.02684467778677764 -6.241126488413816 3.320299275611871 
0 compton 0.010647839569431217 -10.06952633337273 3.8196006789692047 
1 compton 0.049131433403563254 -4.529397485893571 8.333333333333332 
1 compton 0.014999638624361197 -5.330579413793255 9.246940674861811 
1 compton 0.021344441280475482 -5.387854503316474 9.207368169552932 
2 compton 0.015210068659722631 -10.066156989838037 8.333333333333332 
2 compton 0.007951315525172836 -9.077345926457008 9.599215878696558 
2 compton 0.011580019047858506 4.620695952232525 12.430192184686994 
3 compton 0.044238906301332245 0.6706936150808467 8.333333333333332 
4 compton 0.038979729166549 -12.17514308232125 8.333333333333332 
5 compton 0.046568137705482585 -9.833150036720772 8.333333333333332 
6 compton 0.029359824582984265 -4.092266446892717 8.333333333333332 
6 compton 0.010951668835525966 -1.4676351482353431 -6.795685492681104 
7 compton 0.02964940620856886 -9.608007387307474 8.333333333333332 
7 compton 0.00033284693724289216 -8.850896717389581 3.6843728719913056 
7 compton 0.02858089081597097 -5.935222741431039 -5.2619766141307664 
7 compton 0.00980038496226475 -8.772983862155051 -5.199095393247495 
7 compton 0.01945829397843065 -8.898413033970414 -5.534865980222459 
7 phot 0.062178177097521874 -8.800542487906768 -4.132317478641774 
8 compton 0.054476484961177254 -4.368059477951036 8.333333333333332 
8 compton 0.002799255696736655 -8.519909742313136 6.86532650055673 
9 compton 0.02905461329777098 -11.696820266488752 8.333333333333332 
9 compton 0.0039451074686491505 -10.20890727808392 0.27709569451101856 
9 compton 0.006976729809367865 -7.385863025189381 -2.9224306740592563 
9 compton 0.03128239788458974 -7.580128751161333 -7.823040798521573 
9 compton 0.003983216928101357 -0.4395767653033049 2.5350366518619367 
9 compton 0.011634084583592677 2.9744586659353547 2.91071620972013 
9 compton 0.004530972420750234 2.845280905190133 2.074229075290719 
9 compton 0.0062864906257646055 4.032353131536466 1.3682386878543114 
9 phot 0.052306386981413384 2.6405458343668533 -0.7343902352488605 
10 compton 0.05332426934521456 -8.37409141990311 8.333333333333332 
10 compton 0.02377417530619759 -10.15939397307753 9.301571197906728 
10 compton 0.007438768013164773 -9.288924958286572 6.605191607513958 
10 compton 0.006322256567035542 -10.855194376576465 5.714241856027867 
11 compton 0.044773663907743025 -5.717212187470507 8.333333333333332 
11 compton 0.006673985363269977 -6.4831538333923024 6.811332348620667 
11 compton 0.023604393987740807 -5.088362029932971 3.2025416342653252 
12 compton 0.007585201078603054 -7.8958824555323845 8.333333333333332 
12 compton 0.040615626525406456 -4.488487774976372 10.724489951572538 
12 compton 0.004152669380427465 -5.646126588588602 11.376063852070047 
13 compton 0.0056548336811721445 6.75983072124904 8.333333333333332 
13 compton 0.026576072920002664 7.964690675863272 9.02730184018307 
14 compton 0.015014983493174955 -7.608674530419621 8.333333333333332 
14 compton 0.010755827778107241 -6.95352639228417 7.506554750527652 
14 compton 0.011679063710108115 -7.354129595053747 5.077792403052415 
14 compton 0.007691502844233103 -8.777516492743212 4.395661850420812 
14 compton 0.008089579890204923 -12.363360455715002 5.885450195527558 
15 compton 0.04900205645523152 -2.4193514347280285 8.333333333333332 
15 compton 0.0021999096830838394 -3.018449401184342 9.028467573735325 
15 compton 0.004953414384721522 -3.266541641355741 10.078194942948267 
15 compton 0.01339478645969265 -3.0172695285604028 10.508774212364402 
15 compton 0.0013275040672454663 -0.42895547455288474 9.317786716329307 
15 compton 0.01596386556796052 3.671936634592924 4.180409840503966 
15 compton 0.0036071860709739195 4.495400652043898 7.99759282654637 
15 compton 0.001183160982176884 1.8875210178450925 10.415233219048352 
16 compton 0.0017805760383881597 -9.023241353478543 8.333333333333332 
16 compton 0.008865619091957655 -7.374094756087183 8.820216353268691 
16 compton 0.04811418262223527 2.101320195710362 4.9475722736102306 
17 compton 0.035936515565917565 -3.6087762124334155 8.333333333333332 
17 compton 0.02267204357921042 -3.8660434023107175 11.83393210154907 
17 compton 0.019597439595705618 -4.703638750949968 11.67721595732723 
18 compton 0.020177005314456542 8.470365676297975 8.333333333333332 
18 compton 0.017249889180969077 12.36525939805649 1.0294078620234375 
19 compton 0.03887033534958653 -11.78627744556785 8.333333333333332 
20 compton 0.05152938357406937 -10.137738763869773 8.333333333333332 
20 compton 0.01659148197852736 -12.123214224900286 6.754485984129654 
21 compton 0.05323803069240175 -6.992437991207301 8.333333333333332 
21 compton 0.002039788250840266 -10.062603093065901 6.629146194526162 
21 compton 0.006832279885921902 -10.798952075991256 5.511364507150619 
21 compton 0.013292604458355048 -11.86723792035028 5.471824365696356 
21 compton 0.0033371726421482784 -11.868407781490385 6.682656884164463 
22 compton 0.02415910278421321 -9.974507897642937 8.333333333333332 
22 compton 0.024642504178010075 -9.645070820846462 7.43996375147197 
22 phot 0.10119839303777671 -10.539746949482883 7.098618319116325 
23 compton 0.00031119536433149575 -9.210749146524194 8.333333333333332 
23 compton 0.052256252176494225 8.398315916413008 6.226382298206522 
23 compton 0.01871119763322529 6.219650952114447 8.095789172598819 
24 compton 0.00652943523814839 -9.766468573821083 8.333333333333332 
24 compton 0.05121782168396573 -6.680968941217954 6.380326030538027 
24 compton 0.0017185007651089046 -10.038938016393807 9.683647503715735 
25 compton 0.03814574093298086 -10.361510458685586 8.333333333333332 
26 compton 0.004297656046382936 -3.133309898993632 8.333333333333332 
26 compton 0.048528518252679745 -2.3634877003793946 8.707228809296149 
27 compton 0.051287961519285205 -2.6426556899567046 8.333333333333332 
27 compton 0.009500114481899358 -8.339334994023456 3.6130068030866758 
27 compton 0.0034934325076651507 -7.765174447797658 1.1226015708724928 
27 compton 0.018769325786930954 -10.404498857626665 -4.063760017921484 
27 compton 0.009770158896329088 -11.91415581755435 -0.10257291856263562 
27 compton 0.010397679472253528 -10.44198965544937 -0.021476394607626417 
28 phot 0.15 -2.499134520871495 8.333333333333332 
29 compton 0.013073495064532314 -8.0984348342771 8.333333333333332 
29 compton 0.003192258025632 -6.780669507960944 9.77476297271137 
29 compton 0.029484294165967304 -4.487201228312669 10.757686853685383 
30 compton 0.04206399356771666 -9.72463777465211 8.333333333333332 
30 compton 0.0031892561457743523 -11.791448126689046 2.372946384331062 
30 compton 0.013210192607911314 -11.397360914905736 0.5223164925625399 
30 compton 0.0009836845524495014 -7.930921336711417 0.2072171458866225 
30 compton 0.022892459037916174 -1.5624929388344997 1.8972290262803204 
30 compton 0.014046180764146175 -11.752881630782557 3.6441569550217423 
30 phot 0.05361423332408582 -9.199038292487716 3.7395412998697273 
31 compton 0.052459561116309686 -11.968740894843842 8.333333333333332 
31 compton 0.026904703613416056 -12.239490034503843 8.152929670040681 
31 compton 0.010974520473079868 -11.946488196302402 8.31007386107431 
31 phot 0.059661214797194384 -11.672050547564458 6.556087601724776 
32 compton 0.006174867194486955 -7.201109376164795 8.333333333333332 
32 compton 0.0443990842839415 -6.936774331429486 8.172115025968248 
33 compton 0.024960966576669075 -10.448011246517078 8.333333333333332 
33 compton 0.01862001156078731 -9.449807471806738 5.3773831018598095 
33 phot 0.10641902186254361 -6.798011482835072 5.474785221935415 
34 compton 0.013334344942798282 -7.52293106361939 8.333333333333332 
34 phot 0.1366656550572017 1.9445115625514715 -2.2245211121878903 
35 compton 0.021242535671541052 6.981390257195718 8.333333333333332 
35 compton 0.001760104530686063 7.796572343102131 6.6600425825673595 
36 compton 0.04656929564445482 4.69631096516069 8.333333333333332 
36 compton 0.009486422898928551 3.5174082691148723 6.46598512317017 
36 compton 0.019942180230413206 -0.763321757057339 6.629810367191177 
36 compton 0.0004607030693380282 0.765252771996703 3.4353254907018815 
36 compton 0.01637779802004903 3.4435718625682723 0.5109582096396337 
36 compton 0.002509088897595345 1.9023888336889645 1.7919027964665364 
36 compton 0.003980739699387739 -1.4568107793751846 0.9457084241823969 
37 compton 0.0021898079111020985 1.3438652988319255 8.333333333333332 
37 compton 0.015454629236621081 6.551420051208311 10.053639214875492 
38 compton 0.0024428361819394395 6.005919466193676 8.333333333333332 
38 compton 0.004616882596985672 8.280911166947407 9.131560445567889 
39 compton 0.043544427726889476 -11.565014444467671 8.333333333333332 
40 compton 0.014848699276878458 -9.56270560554923 8.333333333333332 
40 compton 0.02975264216242203 -5.379814764261218 3.1187590186276033 
40 compton 0.027702995296655597 -0.6201105375990545 7.494696103945106 
40 compton 0.01719483303029678 -0.755242505521374 5.646459302576773 
40 compton 0.00026219745511518733 2.0041755410133 9.766345243510933 
40 compton 0.006004909366678822 5.145341906388081 12.458882293948594 
40 phot 0.05423372341195312 9.043946513069983 8.433740324282233 
41 compton 0.02790539936148026 -8.521959440791811 8.333333333333332 
41 compton 0.026071380703016594 -8.354761184867439 9.069822331995509 
42 compton 0.008240281904477148 -2.7229600831474308 8.333333333333332 
42 compton 0.04045205068576034 0.053885156392918354 6.264981382961892 
42 compton 0.026756284339872538 0.28684409836615493 7.507574183433448 
42 compton 0.015661625109734623 1.2317347638101133 5.504759538566444 
42 compton 0.0008104000817616488 1.8524637110034297 9.267716763676225 
42 compton 0.0016764124237802908 2.3128730763836005 9.860114623749991 
42 compton 0.0039500031777778 9.83854713842877 11.153160150320998 
43 compton 0.027005282927510532 -12.443761023626157 8.333333333333332 
43 compton 0.03560502407966508 -11.56867958449726 11.6935726243874 
43 compton 0.016685892650344356 -11.078565253836848 10.895567799257131 
44 compton 0.03997923973933562 -10.353335365982431 8.333333333333332 
44 compton 0.008830500348587678 -10.853402531961578 10.374886887180752 
45 compton 0.054299763028928985 8.058782336191028 8.333333333333332 
45 compton 0.008632399577267441 -0.14051290536000494 5.168690638794855 
45 compton 0.008018134681137642 -0.6807556733311176 5.635373124168348 
45 compton 0.005398027142701406 -1.497598061991214 5.249149072093872 
45 phot 0.07365167556996452 -1.6139105150251964 4.219451142161058 
46 compton 0.0017214072453440588 -1.447954342346092 8.333333333333332 
46 phot 0.14827859275465594 3.693230059285858 9.823838028748721 
47 compton 0.02976672343820938 -5.169293828566934 8.333333333333332 
47 compton 0.034471955284371567 -5.155016134415754 8.423384206579897 
47 compton 0.008925542314572543 -4.441444837391587 7.437327599274284 
48 compton 0.0478791816849395 -11.188132542686537 8.333333333333332 
48 compton 0.008751284189154218 -11.972811150482634 9.387198063056063 
49 compton 0.017973343753895227 -12.195766964452496 8.333333333333332 
49 compton 0.03396531494583942 -8.544551499480942 2.5861001768642176 
49 compton 0.026109571427290437 -6.109580433359174 5.741227392348591 
49 phot 0.07195176987297491 -7.466073233112002 -1.4703959450927648 
50 compton 0.008111609933744185 -10.055614800111462 8.333333333333332 
51 compton 0.03384872332153763 -12.316295542567252 8.333333333333332 
52 compton 0.03306565565299836 -8.536856442522215 8.333333333333332 
52 compton 0.005827541237120856 -8.502585071550609 9.26670612809156 
52 compton 0.019420321807682536 -6.738177671772071 11.248602160615603 
52 compton 0.0017255443850943825 -3.4010245554420497 8.42879672753973 
52 compton 0.002596950355326519 7.863088975765523 5.732418596407844 
52 compton 0.00024971249266778073 10.311942350082868 3.083741808235306 
52 compton 0.002832538549015634 11.808427678923188 1.9667449918961015 
53 compton 0.020364265082205818 -9.873860530483007 8.333333333333332 
53 compton 0.03467148208972663 -5.811801723478339 0.596469540846015 
53 compton 0.005102320436764091 -6.359812646955883 0.5806787450574525 
53 compton 0.001625376108961546 -8.074446624249704 2.2576884753232696 
54 compton 0.020356017411219035 -8.631929765289728 8.333333333333332 
54 compton 0.03357869111418056 -6.5923715630328275 12.215337683405187 
54 compton 0.024766758196687444 -4.992671038425406 10.314934383907326 
55 compton 0.0007274058998764654 -9.086480684953859 8.333333333333332 
55 compton 0.013799647592373065 -7.389604272153479 8.646437311527274 
56 compton 0.05393804973013147 -11.68259136247931 8.333333333333332 
57 compton 0.0018413446280386714 -11.570751154277206 8.333333333333332 
57 compton 0.05087836519578681 -11.426887499484282 8.290084262509863 
57 compton 0.005973410593664186 -12.428290264683957 9.63025054462342 
58 compton 0.031104168638955293 2.6867359566002396 8.333333333333332 
58 compton 0.03542154863278631 2.7416243438625783 8.83488895514669 
58 compton 0.0013348201504937152 -3.0171209687335248 2.1590324822996223 
58 compton 0.0007046029122327047 -3.0642165472896026 1.9833700006330248 
58 compton 0.018700969678981355 -2.492394077079765 -6.455751712567761 
58 phot 0.06273388998655062 -2.264739246397628 -5.980587920938862 
59 compton 0.01271876874081812 -9.111500371371871 8.333333333333332 
60 compton 0.006059987540880829 2.8229970739260697 8.333333333333332 
60 compton 0.036357125722080524 5.158606623790119 6.926313019044391 
61 compton 0.015145076436031107 -12.108313755833485 8.333333333333332 
61 compton 0.0356915483811855 -11.930144064660398 8.106327129058725 
61 compton 0.021543201771864 -9.39860437242346 12.397917128451216 
62 compton 0.03885362051563672 -0.9923837592516325 8.333333333333332 
63 compton 0.04883508558766954 -11.276149019321245 8.333333333333332 
64 compton 0.03429426321476145 -5.20946448723924 8.333333333333332 
64 compton 0.0016948769353363896 -5.320998733066821 -3.153846781287344 
64 compton 0.032250477090313354 -7.513030063388025 -8.737647061317556 
64 compton 0.01598491460117385 -7.274194495681432 -8.606693679412459 
64 phot 0.06577546815841495 -9.219773796609514 -7.483109242375862 
65 compton 0.03575740786301285 -9.711092911918414 8.333333333333332 
65 compton 0.03465635557309649 -10.46003846860314 -2.9430692666073153 
65 compton 0.006089624490722367 -9.437090859003359 -0.46114709342755056 
65 compton 0.0005665919796171981 -4.196874469403793 0.0439377447575513 
65 compton 0.015629122598252686 0.8881754152890888 -1.1686454561044692 
65 compton 0.010355056917226685 -5.054058781151501 3.432629336092676 
65 phot 0.046945840578071725 -2.9717258875145043 0.7187340515981835 
66 compton 0.019924807902724023 -11.56298307623778 8.333333333333332 
66 compton 0.01709812054999206 -11.211483548668182 8.97894223348258 
67 compton 0.009993781367043347 -11.603367670032911 8.333333333333332 
68 compton 0.03933995763162937 -11.11084545006131 8.333333333333332 
69 compton 0.04505951045688701 -7.735780947213008 8.333333333333332 
69 compton 0.009173955920589547 -7.738642780700955 8.338815591258758 
70 compton 0.023345121301577065 -10.551503844059534 8.333333333333332 
72 compton 0.003915884329148495 -8.594550658807348 8.333333333333332 
72 compton 0.04957525506598959 -5.544488558251249 6.931998866716962 
73 compton 0.04718980663205162 -7.1117221007445774 8.333333333333332 
74 compton 0.018789861369718386 8.025510633052592 8.333333333333332 
75 compton 0.02941293645920985 -1.832850613922627 8.333333333333332 
75 compton 0.007879567570425863 -0.8662632588386843 2.698364215735941 
75 compton 0.0038116593405633087 5.796423033510573 -1.9659609253164918 
76 compton 0.024024903556967903 -10.342525814660576 8.333333333333332 
76 compton 0.019263450511341734 -9.341132248084417 5.655873484902102 
76 compton 0.015298393713361322 -1.53684090293683 6.3353288219637305 
76 compton 0.023573906963801808 3.2985946772342185 -10.06108691849057 
76 compton 0.013143642214396171 2.1141537425264536 -8.428148521668007 
77 compton 0.006585164081462536 -3.571565248798045 8.333333333333332 
77 compton 0.003841924523296125 3.2595061791460367 3.9847675997298095 
77 compton 0.0009331175537911074 9.650269839020766 3.212300249213456 
78 compton 0.03485118184383476 5.6985224317276195 8.333333333333332 
79 compton 0.025145914860878332 -11.339420286623849 8.333333333333332 
79 compton 0.0041726750138247615 -5.788746759851633 -8.456484298663934 
79 compton 0.037031712334433545 -1.9692040426499924 -11.759655035338909 
79 compton 0.004706751948469284 -8.910843007101182 -10.304202957364017 
80 compton 0.05036660966298381 0.1457923427654091 8.333333333333332 
80 compton 0.022417079037970286 0.10662081755096808 8.295810007404327 
80 compton 0.017002480928385806 1.6300936838166034 7.831252433015924 
80 compton 0.0005342052796647387 -0.026135679926522437 7.45679923161602 
80 compton 0.010103639144180158 -1.7675167026800345 7.7556115264801155 
80 compton 0.0008740904000641217 -0.2735295662393089 5.872308590982196 
80 phot 0.04870189554675107 0.10934669552427867 -1.403930771783167 
81 compton 0.010599949393063912 -3.480132247867706 8.333333333333332 
81 compton 0.02168978545165444 -0.8082930697135948 10.75489875958853 
81 compton 0.035825862504373834 2.171168327072648 9.111823732367549 
82 compton 0.05370965858283046 -0.6946922007640737 8.333333333333332 
82 compton 0.008245503377311739 -2.7626970255572876 7.332924423866754 
82 compton 0.005734196339752001 -7.212821931059681 10.332912028995965 
83 compton 0.050737134488417227 0.5118081475955378 8.333333333333332 
83 compton 0.013589262808679933 0.4680602379870425 8.372945036262381 
83 phot 0.08567360270290283 -2.580441967539755 6.053141802937349 
84 compton 0.012074101353239913 -4.343310502412207 8.333333333333332 
85 compton 0.03810482201997768 -11.919683675051187 8.333333333333332 
86 compton 0.04389123292715029 -6.824462067710331 8.333333333333332 
87 compton 0.03245216644488369 -12.450184790096827 8.333333333333332 
87 compton 0.012039482934796161 -12.379840621982153 9.513489640085519 
88 compton 0.05308529497684336 -3.3888544535788334 8.333333333333332 
88 compton 0.009111301772516706 -5.977871916325012 9.828202759185537 
89 compton 0.004667320683997861 -0.2331113516388914 8.333333333333332 
89 compton 0.035325151727177595 9.78863859434847 3.2155809871259047 
89 compton 0.0014096908989718326 10.508249457277344 5.232452279914913 
89 compton 0.016460640383113498 10.470857846998603 11.14709954159256 
90 compton 0.006184998410613984 -8.454070802515075 8.333333333333332 
90 compton 0.023910067919177436 -4.184113591953109 5.726264864875079 
91 compton 0.01575741922096338 5.920893725372201 8.333333333333332 
91 compton 0.0052151544824028395 6.08242099283086 8.548633021780281 
91 compton 0.0006628249990040525 11.961055097035214 10.795325782713913 
92 compton 0.01572502396078873 -8.684717684194988 8.333333333333332 
92 compton 0.0002708067559877847 -6.62134574300512 11.07703126069709 
93 compton 0.035250199068887475 -11.512047206254708 8.333333333333332 
93 compton 0.0030474746180597367 -11.59774703480904 6.492323838783711 
94 compton 0.018938241976033526 -5.942786194783859 8.333333333333332 
94 compton 0.012679132290112236 -3.8782360618307536 11.83635597540043 
95 compton 0.043891445854791364 -2.939831473742352 8.333333333333332 
95 compton 0.015715581334630496 -2.9853533861470782 8.231814343342982 
95 compton 0.0034879939481764627 7.08481659662057 1.5621798181610087 
95 compton 0.007616171281113457 11.282057685780355 1.992143555889212 
95 compton 0.0066363095502960795 11.739933317068118 1.2492275011922094 
95 compton 0.00959074652257029 12.12937399448916 1.2995247810047967 
95 compton 0.008025059628365 11.293591131740824 5.461348045098316 
96 compton 0.04824841948187239 -10.155344555831064 8.333333333333332 
96 compton 0.0007446488460887551 -11.951277922569458 6.032880350491682 
97 compton 0.015320247945618176 -10.824422598290134 8.333333333333332 
97 compton 0.005475531820366392 3.3427262897027816 -9.951195279391857 
98 compton 0.0359770886571712 5.43184238165354 8.333333333333332 
99 compton 0.0010752175172978606 -11.41448964478164 8.333333333333332 
99 compton 0.050323849649434746 -7.207111258220634 9.2841228805767 
99 phot 0.09860093283326739 -7.534853439286332 9.4625749751086 
100 compton 0.013589291111284513 -9.382341894871258 8.333333333333332 
100 compton 0.026339282196140026 -6.253681286854096 4.778023493855008 
100 compton 0.010527175801946995 -3.804176393389027 6.51886977860045 
100 compton 0.009082571657579433 -2.9184091233011897 6.1245260049348245 
100 phot 0.09046167923304903 -2.7709500983097892 4.434741483160424 
101 compton 0.03936081411104288 -9.063666850067662 8.333333333333332 
101 compton 0.01691832026485733 -9.101591564407006 8.508200350301502 
101 compton 0.02370745254731088 -0.06874647405978429 12.12233270657461 
101 compton 0.009318722655808305 -0.20871239678393189 12.147991149010965 
101 compton 0.003708320501267265 -1.1719417672658137 -3.7733613083880133 
101 compton 0.0001946030571544355 1.4934947772484397 -5.333578819479413 
101 compton 0.0013642404978388353 5.528085726182975 -9.309829459579698 
101 phot 0.055427526364720064 5.5354862771993965 -9.374341873620276 
102 compton 0.049212639820967394 -5.106737040996233 8.333333333333332 
102 compton 0.019477400843199225 -6.8689341988461425 10.320885798114505 
103 compton 0.04340846887680988 6.436933814036793 8.333333333333332 
104 compton 0.03623141319254 -10.46946808074677 8.333333333333332 
105 compton 0.048882264169531245 -11.334637143315996 8.333333333333332 
106 compton 0.042549055835627486 -2.031585874345504 8.333333333333332 
106 compton 0.01848244704727628 -2.0454282239862747 8.37050331746405 
106 compton 0.01657391760924236 -5.293508157033624 7.2052773463590185 
107 compton 0.0015987632094588977 -11.434020770654913 8.333333333333332 
107 compton 0.00933247421339653 -10.127366373673787 8.697441930809271 
108 compton 0.029486642158910156 -9.711869140626344 8.333333333333332 
109 compton 0.0519571490674111 -10.906494574674031 8.333333333333332 
110 compton 0.04945514009883789 -9.814082921576329 8.333333333333332 
110 compton 0.010974896400045522 -10.801786315824641 9.411070808331463 
110 compton 0.003263075599483467 -12.314818357046754 8.850204103223215 
111 compton 0.014360006724758845 -12.495330422676007 8.333333333333332 
111 compton 0.008868970712313323 -12.046394775699927 8.873259449442177 
111 compton 0.03858461728137581 -11.763952109526345 8.91137676816261 
112 compton 0.050214249774121686 -6.0679844195774635 8.333333333333332 
112 compton 0.0228809964395746 -6.209315999358111 8.194864866140957 
112 compton 0.0014700989095370876 -3.8893060656648992 7.615927562765008 
112 compton 0.0023467452296627445 7.493914997510441 -3.1839940167382013 
113 compton 0.043080842120419474 -3.3969358644910095 8.333333333333332 
113 compton 0.006831622038286744 -3.5790544982280874 8.78685142115628 
113 compton 0.026350612758795286 -3.9794403054017122 8.936395961531076 
113 compton 0.0012733712810584774 -2.285529268198727 6.522470218314725 
113 compton 0.015019769882029216 0.3228990977770265 5.2293224783101095 
113 compton 0.0033940757023469825 -0.2040631312510618 6.100234867498965 
113 compton 0.0012426531582169845 -1.0402269567339422 6.0273150065757 
113 compton 0.002403976442366916 -9.122007326509822 -1.763469789169135 
113 compton 0.006575974640736157 -11.833288562923377 -1.1140043583649395 
113 compton 0.002737302421389788 -11.609378105571684 -0.8891736040418352 
113 phot 0.04108979955435397 -4.50452449911629 -5.325502353409842 
114 compton 0.013287139890178795 -9.711510792097654 8.333333333333332 
114 compton 0.0014733666653571065 -6.206951403281586 12.227910790296416 
115 compton 0.021570388139906665 -5.362916743055839 8.333333333333332 
115 compton 0.03549920057373504 -5.099857655766582 8.889082123067421 
115 compton 0.02046020675307378 -4.283318940699858 7.648097376755629 
115 compton 0.007512539502416787 -4.381441441588008 7.64842325598534 
115 compton 0.002178631627256941 -4.5396890480422485 6.820661529583438 
115 compton 0.01208423222175388 6.460943259426347 -10.41935847085074 
115 phot 0.0506948011818569 6.161437941883708 -10.18908000955167 
116 compton 0.018893104904529084 -6.229916810327198 8.333333333333332 
116 compton 0.02954355105422421 -2.8418007685540188 2.604984396462882 
116 compton 0.023556904202336137 -1.842598408723422 3.393816076082939 
116 compton 0.016452279552163343 -1.8437407399481456 3.3942413220869776 
116 compton 0.010035444173786781 -1.4519336925153337 2.6650301810346564 
116 compton 0.006650552481633848 -0.2525695301161308 5.404195385500014 
116 compton 0.0034416498837058426 0.16424670847362377 4.876535601290026 
116 phot 0.04142651374762075 -4.947774233976287 0.37096670468231707 
117 compton 0.055322871009665986 -6.1623041869199655 8.333333333333332 
118 compton 0.03168806873553119 -5.104841774528111 8.333333333333332 
119 compton 0.04716321001483739 3.786708411028597 8.333333333333332 
120 compton 0.035716034616024336 -6.800299597779527 8.333333333333332 
120 compton 0.010199425791516697 -7.582986555301421 -3.74753683581347 
120 compton 0.0021243623154648117 -12.201714354775252 -6.4656587410886 
121 compton 0.043466900235123715 -10.021935307739556 8.333333333333332 
121 compton 0.0032476604388879254 -10.834311288786207 6.415056664384044 
122 compton 0.0185400301889673 -6.448005412654685 8.333333333333332 
122 compton 0.0034174624891796512 -6.337174030108879 8.515603214594211 
122 compton 0.037708761223998535 -6.030636124082969 8.709894964223983 
122 compton 0.02037330209355602 -11.030955512318902 10.132201544686767 
122 compton 0.004119474922309754 -4.764083138147437 -3.6431998916975363 
122 compton 0.008912143527742118 -0.5059343215060093 -4.273958803886588 
122 compton 0.006243680586258703 -1.7046543515085075 -7.422788898008941 
122 compton 0.006040228250240462 -3.403689907312914 -6.560432524398362 
122 compton 0.0006675721487087866 -1.2288589198733133 -4.619853682726072 
122 compton 0.000827534674487436 -1.0443943194770462 -3.878546305953919 
122 phot 0.04314980989455123 -3.05923986762349 0.43728772265752536 
123 compton 0.03266039559200146 -4.880324633740946 8.333333333333332 
123 compton 0.002905799413610244 -4.836323986243579 7.484806872474635 
123 compton 0.0016323973096293437 1.2351687409265475 -2.9603376631555838 
123 compton 0.00768774070633349 1.3536542216835743 -3.671605142806647 
124 compton 0.047537551328335384 -11.200786036191847 8.333333333333332 
125 compton 0.042288213523866 -1.5977361083686858 8.333333333333332 
125 compton 0.028522382511267652 -2.941397238435729 4.585400734985512 
125 compton 0.009887038332187167 -4.198800616687709 7.2642815249535415 
125 compton 0.012454466598927412 -9.075558163781222 5.432171398933045 
125 compton 0.000596372604135649 -8.754357237809902 5.235895747800338 
125 compton 0.0015015972605097669 -7.388764495848931 3.161339822910773 
125 compton 0.007728040965967631 6.442249114533786 -0.6247467832167981 
125 compton 0.006218615282592224 5.929494964653509 1.0563207858349406 
125 compton 9.314759007005013e-05 6.01515389987653 1.018093258386304 
126 compton 0.052816222501065255 -0.8907650824870217 8.333333333333332 
126 compton 0.021465572400654137 -2.0834043945254734 7.598630436529692 
126 compton 0.0016929024035957918 -1.2355973903314579 7.128997238673555 
126 phot 0.07402530269468481 11.0659649491236 7.832544213119732 
127 compton 0.0011479384606219167 4.970047838373324 8.333333333333332 
128 compton 0.053794048875792894 -12.095043878163114 8.333333333333332 
129 compton 0.05383704826889946 2.5320556759176593 8.333333333333332 
129 compton 0.0008146066523632284 1.8152464862187325 8.000986798106327 
129 compton 0.023582938423428637 -1.243339488514183 5.227099494430174 
130 compton 0.025856679827665915 -8.896652255339756 8.333333333333332 
130 compton 0.01612750452251084 -8.558433503568146 9.447570972165595 
130 compton 0.003721304051311297 -6.315818149721983 9.674759480295656 
130 compton 0.00583849308515888 -6.100376537114234 9.560241078206825 
130 compton 0.017256488251474536 -5.632178843720733 8.047493764874913 
130 compton 0.005359012967896343 -2.809999859847383 9.251815509699936 
130 compton 0.003956660187770175 -2.7037310364381515 9.818405428030202 
131 compton 0.0053681697205474055 -4.691461139191831 8.333333333333332 
131 compton 0.03651630388460632 -4.381267245489554 8.50616413310557 
131 compton 0.01150367334868857 -5.61380867004376 9.960985066019813 
132 compton 0.04073024384557718 -10.108111043427634 8.333333333333332 
132 compton 0.029203890736791138 -10.13649482721281 8.434621634561143 
133 compton 0.0003964301411172322 -9.234864192609468 8.333333333333332 
133 compton 0.014756767000674353 10.859004135017418 11.05172271876184 
134 compton 0.024107333869242797 -6.1238747287223845 8.333333333333332 
134 compton 0.02141218570823107 -5.3118975310554255 10.523240157558641 
134 compton 0.014003403015507565 -6.482333834906343 11.19964530667837 
135 compton 0.025521681940215257 -9.450742192547228 8.333333333333332 
135 compton 0.00813957474031185 -6.723818164256898 -0.28924244200957183 
135 compton 0.0013108726783029045 -8.731880282851922 -4.232305657283643 
136 compton 0.022719944624059796 -7.34793813234124 8.333333333333332 
136 compton 0.022879012570945392 -6.379855861023093 10.605977095062077 
136 compton 0.027505685524928658 -3.798064193298218 9.857360552330821 
136 compton 0.002386433021482448 -6.499656047512747 8.587840081663064 
136 compton 0.0060298599466556 -8.429349310369467 4.759555083806855 
136 compton 0.0005472598998722267 -4.8510210591607725 0.48207759825348706 
136 compton 0.005554633031070608 -1.2172636261868983 -1.6258662365514516 
136 compton 0.007740938649019549 8.61290224121639 6.800817779298007 
136 compton 0.004425395381161837 4.137767118309482 10.575942882063691 
136 phot 0.05021083735080388 -4.035719059143395 3.78261121129919 
137 compton 0.052998787349454846 -11.156955807343282 8.333333333333332 
138 compton 0.013846168090348832 -3.0598287435289784 8.333333333333332 
139 compton 0.012294619243719995 -10.666602533083623 8.333333333333332 
139 compton 0.037566796678857095 -8.510906638793099 6.108412461338408 
139 compton 0.023755906471905855 -8.562090461735094 6.088755637812 
140 compton 0.023529148273573663 1.5735150053742526 8.333333333333332 
140 compton 0.02914157714962258 2.4859327166158613 6.014898078566292 
140 compton 0.020532303070218375 5.176311933881466 7.801737757796266 
140 compton 0.015230149830782129 5.6837766218991606 4.858154083447911 
140 compton 0.002835358760935304 6.468967132649128 5.794684762540779 
140 compton 0.0006756311915548444 6.4134226219503 6.031442188453243 
140 phot 0.0580558317233131 6.593525098950912 6.823959917217186 
141 compton 0.02629797697332116 -7.70417043821849 8.333333333333332 
141 compton 0.015156829449064976 -6.908744912613642 11.105843639344721 
141 compton 0.021683363594775504 -7.987062326643297 12.044646480411103 
141 compton 0.003010134093639219 -8.208253320657157 11.67584851634547 
141 compton 0.017884897761142438 -9.251880010706904 11.272705874159373 
142 compton 0.017688236491772397 -6.772184909161112 8.333333333333332 
142 compton 0.007475448175297494 -5.796284740171446 9.836334309524021 
142 compton 0.033689850651104955 -5.627556617733129 9.888707380131798 
142 compton 0.02335142668472523 -5.632453052147501 9.868498247544457 
143 compton 0.03801967979577907 9.441094148430833 8.333333333333332 
143 compton 0.008363797212347576 8.36526770955636 1.5497542556145438 
143 compton 0.008480702576499022 10.20467342282817 -0.5063563557633635 
143 compton 9.68374658026766e-05 10.704351221241527 -0.4384950393085215 
143 compton 0.017740226107990698 12.251061248525392 -0.3915933573283892 
143 compton 0.015980030015187725 11.638871374045056 -3.323455258289144 
144 compton 0.026880168037355823 -8.27875578939604 8.333333333333332 
144 compton 0.010152842084413319 -7.798830694568602 6.522903487240448 
144 compton 0.007544678678787678 -11.291469705335896 1.7726224277043965 
145 compton 0.033692288759344075 0.8653077107571949 8.333333333333332 
145 compton 0.020704139557801385 1.0808409422608616 -8.05702627985358 
145 compton 0.007536609414293127 -4.157802695378244 -8.380648347744868 
145 compton 0.017839289510447068 -4.842628812292779 -9.599756279512366 
145 compton 0.01435566678905248 -5.3200054038786995 -8.847107443567573 
146 compton 0.045253349957397895 -8.948963857108552 8.333333333333332 
146 compton 0.005040010437472736 -11.865392466411791 2.8826445756410877 
147 compton 0.03320900657558376 -7.632764464870246 8.333333333333332 
147 compton 0.0005090121556647897 -7.566177902987559 6.208998636909788 
147 compton 0.0038659177801276118 -8.452533565231658 0.8759904704149708 
147 compton 0.02121721007217546 -10.027231688838 -0.9135037505846271 
147 phot 0.09119885341644837 -11.502566166414567 0.5436417357477752 
148 compton 0.01954975292257352 -9.489903717068065 8.333333333333332 
148 compton 0.024189596995691537 -8.132680171260255 5.915322049866191 
148 compton 0.012309250438021987 -8.299778165945366 5.796039213612232 
148 compton 0.01553100092896137 -6.583915675843112 -1.1850973064084611 
148 compton 0.005870882280937892 -12.28036967022257 -2.126330881477113 
149 compton 0.006518276779209881 -7.869333686034376 8.333333333333332 
149 compton 0.0406737572998168 -1.9522395335874592 4.592323902670497 
150 compton 0.007315711941272091 -0.6830130568844801 8.333333333333332 
150 compton 0.022148347859087036 8.64823592361141 1.949426569532414 
150 compton 0.010590950935857907 6.823490188259829 -5.166273616546917 
150 compton 0.02414544884421141 10.122119954240326 -9.18996761401321 
150 compton 0.01168722485580545 9.427669105362186 -9.462237013051869 
150 compton 0.013161612134816578 7.686572892364633 -5.710379911418828 
150 compton 0.007956533139318302 10.716452795430245 -5.942081019892017 
150 compton 0.008753967038256628 10.13927996055878 -7.583918355389844 
151 compton 0.02647936997807937 -8.835959504002421 8.333333333333332 
151 compton 0.024057791857105007 -8.782033128164741 8.525869024400409 
151 compton 0.021070530667356382 -1.3083575712135929 6.4274732955168705 
151 compton 0.003515321182725642 -3.6505574865243697 3.4374161128923966 
151 compton 0.003672557003583571 -4.467015752538834 3.353438738885894 
151 compton 0.00596100831888427 -7.545953643468357 6.299434123908814 
151 compton 0.0034835129457978717 -10.575193737029768 4.8138369602644575 
151 compton 0.011319976481515184 -10.913749939219167 2.3453134371825484 
151 compton 0.004480615461263673 -3.469744045088728 11.590364440045713 
151 compton 0.006361824419434725 -1.9759013177056943 10.417611743033744 
151 compton 0.002707894109142392 -5.043662414793892 10.416416714134545 
151 compton 0.0016954471902800722 -5.13667172116088 8.641330598621204 
152 compton 0.04767096350588462 -7.750848605157742 8.333333333333332 
152 compton 0.013225659989694785 -8.122991096202306 8.84655223422766 
153 compton 0.024681746563163937 -10.094464763873528 8.333333333333332 
154 compton 0.0393709029256394 -9.454146062587354 8.333333333333332 
156 compton 0.0495395077075909 -11.972373371685983 8.333333333333332 
157 compton 0.02187807743837658 -6.689436157848226 8.333333333333332 
159 compton 0.046292402673562466 -8.247263025810437 8.333333333333332 
160 compton 0.0020376345462767287 -7.292504393960478 8.333333333333332 
160 compton 0.01826753360240496 -2.23513824699189 9.939554733314964 
160 compton 0.041042774400028514 -1.8942128176395907 9.638155255082118 
161 compton 0.0469868402476053 -3.4885832964104324 8.333333333333332 
162 compton 0.017825599366484784 -10.77591187959899 8.333333333333332 
163 compton 0.036179925348323566 -12.345579911037118 8.333333333333332 
164 compton 0.017767885796198646 -8.139919415844975 8.333333333333332 
164 compton 0.02759353933819325 -8.10521035399465 8.279551574527817 
165 compton 0.0001902969635660945 -5.281445847041818 8.333333333333332 
165 compton 0.026595298607253806 -4.843909445129272 8.374170259308142 
165 compton 0.00046642113210480785 -4.404268055133096 7.206069369848128 
165 compton 0.022071929845827648 -2.5238940362959523 -2.9994189204689228 
165 compton 0.025028914747041803 -3.728065328221396 -3.332209420686847 
165 compton 0.016165659620256484 4.430689531884543 12.444769543992763 
165 compton 0.009403333097263995 -2.6368558376283042 8.46877090261686 
165 phot 0.050078145986685356 -0.9746281110441499 7.769281180792364 
166 compton 0.01360676911607031 -8.051802954228394 8.333333333333332 
167 compton 0.009772712773623016 -8.268885591178666 8.333333333333332 
167 compton 0.0013444488446484049 -7.014974453428272 9.39701250629649 
167 compton 0.006692682379169618 -3.6581888667259745 10.965425959968156 
167 compton 0.017423749299976754 -3.329854212750614 11.547722474432959 
167 compton 0.004473845442448304 -2.1333233093754607 11.442704065555679 
168 compton 0.0417502445090604 -11.632336882061006 8.333333333333332 
169 compton 0.04756987221437717 -6.19304198252662 8.333333333333332 
169 compton 0.028318472844291884 -7.094833396478708 9.593017661955557 
169 compton 0.005091886815081215 -5.22916004519851 8.5421167065319 
169 phot 0.06901976812624973 -5.226337037542339 4.045450524999195 
170 compton 0.05223403288709508 -11.504879331030045 8.333333333333332 
171 compton 0.005897237989924642 -11.101483484282078 8.333333333333332 
171 compton 0.017474350602915856 -10.427905076016222 7.934701753462916 
171 compton 0.03606740751160359 -8.343203930656523 9.074871555061648 
171 compton 0.015660574773297728 -8.599436170274032 9.18862770596348 
171 compton 0.008124301586542176 -8.323844362973563 9.592684103307999 
171 compton 0.0009372795193647171 -8.728610901186514 9.984679142992931 
171 compton 0.0033734949464573963 -12.476959817679152 11.136994379218297 
172 compton 0.050771939463325894 -4.838927764693202 8.333333333333332 
172 compton 0.0034498192945569134 -12.470293597057424 1.4608122008887579 
173 compton 0.05332510191850888 -8.372904199882942 8.333333333333332 
173 compton 0.004631597038802629 -11.0489272043385 6.882354382119475 
173 compton 0.0013375883104210645 -11.646258254160266 5.123424219340402 
174 compton 0.024765646478380643 -11.480146162313153 8.333333333333332 
174 compton 0.03410713167518069 -11.412431823713316 8.529485435430425 
175 compton 0.012489602655799348 -11.087490598738714 8.333333333333332 
175 compton 0.03642160673847655 -6.9931214624451385 4.045279704837495 
175 compton 0.007934811490292626 -10.596221692891977 2.4510318431765397 
176 compton 0.03521726164937053 -9.964217366737536 8.333333333333332 
176 compton 0.009992026190469766 -10.065098881248577 6.104821458462103 
176 compton 0.01105391153634934 -0.7101920836159508 -1.13245413396662 
176 compton 0.023664956874281898 -0.19602281249592035 -0.8690504349139971 
176 compton 0.0035796437833221367 -7.178353064611857 -0.18197508558583786 
176 compton 0.0045799327124413924 -10.468223987282252 5.127754019078525 
176 compton 0.00800754508548198 -8.849959995552256 7.652788344296821 
176 compton 0.0020601841513799915 -7.287653443751898 6.05063796876175 
176 compton 0.005498177975279107 -4.06600630498197 6.373405020552437 
176 compton 0.0019166580608520126 -4.248322172593991 7.032263370834372 
177 compton 0.03301915955304478 -3.3217763100408177 8.333333333333332 
177 compton 0.036735341467815236 -3.3214106137621573 8.32382444916154 
177 compton 0.0033069660030274756 -3.5013980242733065 11.221635480394804 
178 compton 0.048262548304652625 -9.589204528887988 8.333333333333332 
178 compton 0.028294704032227197 -11.293660502042373 10.512631363114323 
178 compton 0.014082123931451238 -6.300731182413083 7.487642258090387 
178 compton 0.010426505320550332 -11.24879828998003 5.860473294971005 
178 compton 0.0032485844819098927 -11.138085240427705 6.000507419298295 
178 compton 5.4882673506929935e-05 -0.49384863635707 1.3917987421689029 
178 compton 0.0013926663950513604 0.544424599317527 1.1328770097618504 
178 phot 0.04423798486065042 2.9122868125537864 2.831066877555724 
179 compton 0.02068168351416752 -4.816567129346261 8.333333333333332 
179 compton 0.0024257190421448083 -3.667538165239936 6.085643528884975 
179 compton 0.012498286389318089 -3.3775799976761443 2.5312385162242395 
179 compton 0.01676154168984005 -6.175349153951336 0.28811555192762484 
179 compton 0.004382584853778598 -4.337117019094767 -3.6110850089418727 
179 compton 0.005683097472927889 4.495251049360459 -7.487953102560101 
179 compton 0.020300797700841422 5.918673769853294 -6.788034173545038 
179 compton 0.0011142238701617596 4.314522734543749 -10.498318045455441 
179 compton 0.003527024201894949 4.411418174787141 -11.432557840022133 
180 compton 0.04800748351541956 -7.660645236248155 8.333333333333332 
180 compton 0.028412880987272474 -9.308987827292373 10.511147434492623 
180 compton 0.006449228426654394 -7.487771052763414 9.370649933143289 
180 compton 0.005011163420920665 -3.8096000698566725 12.296904857307768 
181 compton 0.05323503272325257 -3.5840308758946993 8.333333333333332 
181 compton 0.020607418346341846 -4.158567206262088 8.65250028041953 
181 phot 0.07615754893040558 -5.076646212537715 -5.728033535268093 
182 compton 0.014827846016982227 -0.11767561673498506 8.333333333333332 
182 compton 0.020598829130091187 3.0595718270384906 12.28816434669214 
182 compton 0.03359192501453297 4.5333297578068015 11.749007751370806 
183 compton 0.0070475895605584815 -11.16569622828199 8.333333333333332 
183 compton 0.032756044744103 -5.624435903358382 4.639162490642422 
183 compton 0.022887773651874666 -7.696983166195989 1.916272150397532 
183 compton 0.021928155104216 -8.889117408594275 3.323438034713064 
183 compton 0.001626068310877124 -6.495162971299411 1.7030660092085177 
184 compton 0.044214421242894236 -6.835953083399501 8.333333333333332 
184 compton 0.00970787386140004 -8.709388451541043 4.330065579711045 
185 compton 0.027191895467560914 -7.4574112893297535 8.333333333333332 
185 compton 0.011173500251643001 -5.598791637385155 1.0007403703868478 
185 compton 0.014614070714057445 -7.111429153905216 -0.7970121239769963 
185 compton 0.022623854771167906 -3.7229803244633284 -6.255047431979449 
185 compton 0.008532104953952513 -2.713568276377364 -3.6497092963055677 
185 compton 0.013009444589820472 -1.1557860407370861 -4.062720485738637 
185 compton 0.0007792508273036652 -2.3075567973564155 -4.259635191483077 
185 compton 0.007017326741459121 -5.998348439407454 -7.457321771300656 
185 phot 0.04505855168303496 -1.5508697735558243 -8.834973751872774 
186 compton 0.02737205666501759 -9.480327234199423 8.333333333333332 
186 compton 0.00584136364589008 -9.225689727600052 7.301484734368493 
186 compton 0.0013816572926408643 -10.708510344109653 3.940247382825832 
186 compton 0.028755326386623564 -10.71733842091876 3.842816517973267 
187 compton 0.04937248986410536 -12.162903520072302 8.333333333333332 
188 compton 0.03192490121647021 -8.800611811302574 8.333333333333332 
188 compton 0.021862794873342237 -8.683657540734806 6.855879890952132 
188 phot 0.09621230391018755 -4.659382956356645 7.107364423274924 
189 compton 0.020988060488457888 -7.941353969104996 8.333333333333332 
189 compton 0.017095497292214087 -6.869898649937891 6.181889858500617 
189 compton 0.016629888943415494 -8.354681866795906 4.428736657925727 
189 compton 0.007637199380749152 -8.759243336590647 4.648776407706359 
189 compton 0.01716339779338097 -9.892268104641735 4.013764523929086 
189 phot 0.0704859561017824 -10.143490396931789 7.236034912564341 
190 compton 0.044995544185132255 -11.464742300383486 8.333333333333332 
191 compton 0.05442274781817438 -11.952287300094202 8.333333333333332 
192 compton 0.04122119030933702 -0.4434792762032771 8.333333333333332 
192 phot 0.10877880969066298 -1.4748043940142366 11.724800414494053 
193 compton 0.002606176641514163 -2.5814856363274217 8.333333333333332 
193 compton 0.007751143539414473 4.853826581556931 11.037801426446089 
194 compton 0.034081418195629126 -11.992000436481778 8.333333333333332 
194 compton 0.03472924102952146 -11.993915029954994 7.13658350282541 
196 compton 0.031032075706231232 -10.848869781005984 8.333333333333332 
197 compton 0.0455540778465673 -10.101673906069394 8.333333333333332 
198 compton 0.01030880356240832 -3.0677589884991043 8.333333333333332 
198 compton 0.003964063935376683 -0.04309864044877676 11.012238933214515 
199 compton 0.05139686836708618 -6.988138807119524 8.333333333333332 
199 compton 0.006086982912389835 -9.802946257868053 6.043415649966464 
199 compton 0.017108052757555753 -10.153963154625087 -3.544008932665511 
200 compton 0.007383350102039582 -4.682952645228751 8.333333333333332 
200 compton 0.02791278271817442 1.6323049362693656 3.9849106847749267 
200 compton 0.01777317925197011 1.0847039639120677 2.9189786947125733 
200 compton 0.022306529206015613 5.897551777550971 -0.8066838183202352 
201 compton 0.01600233980671059 -5.344453742647235 8.333333333333332 
201 compton 0.033818976761105735 -3.194604931586006 11.251226595849172 
201 compton 0.01992313896498933 -3.092926523926458 11.115884266230555 
202 compton 0.055013637777060115 -6.601399525135451 8.333333333333332 
202 compton 0.008586834063331258 -7.756052007563135 8.606948058057592 
202 compton 0.02083825181434419 -7.837804214912123 8.925337540311679 
202 compton 0.0025002304525963 -7.883238484567856 8.742771206579437 
202 compton 0.0001452687016987586 -10.731014015681101 7.116292643053083 
203 compton 0.0265159404094827 -9.902293547168407 8.333333333333332 
203 compton 0.017570065238899812 -8.980085646679072 11.642133644640017 
203 compton 0.029850472343380008 -9.02295507523922 11.670881191612303 
203 compton 0.0048206053875334 -8.734952664297726 11.634759504652129 
203 compton 0.01184783258245508 -8.57653821653587 11.308590327682818 
203 compton 0.008188459610869829 -8.479051395677237 11.430801706038373 
203 compton 0.003066559985515749 -5.454130348519714 6.05122870882935 
203 compton 0.005914401604434551 -7.28196320928924 3.816892436890352 
203 compton 0.005891104316748774 -0.6947757274019244 2.6369121980667005 
203 compton 0.0022500454459913957 -1.9397220240233441 3.2435895711823894 
203 phot 0.034084513074688697 -3.789171793999099 0.051377129779841546 
204 compton 0.011433538741868587 -11.796156489464478 8.333333333333332 
204 compton 0.03687020777162907 -10.812171933581325 7.381921570219203 
204 compton 0.02105573184958466 -9.331541623897095 10.654873490589132 
204 compton 0.01654417557556742 -7.810940470242352 9.26048018933036 
205 compton 0.009200708353544973 -11.534528126089999 8.333333333333332 
205 compton 0.015734121986615196 -10.422711126609535 9.232959822123627 
205 compton 0.002173457453748931 -3.8831239310385364 7.094748990706357 
205 compton 0.03916506130073698 11.456534103731665 8.1161023768628 
205 compton 0.01228788131391187 5.608392001723148 5.647012545221813 
205 compton 0.0006584258484310518 4.165556104777764 9.603461754247002 
206 compton 0.0550775506628985 -9.860132406463551 8.333333333333332 
207 compton 0.04615708917100385 1.8496213793867398 8.333333333333332 
207 phot 0.10384291082899615 -2.200257829221081 1.5787507886839993 
208 compton 0.0025160847322438784 -2.105755296770308 8.333333333333332 
208 compton 0.04552805708712372 0.618783951012936 9.305102448864 
208 compton 0.004466747998351242 0.16726416976065667 7.430786422611735 
208 compton 0.02452424597161297 -2.739515940585121 5.2529122253696166 
208 compton 0.009386311184962387 1.3845520393519868 4.997897198475342 
208 compton 0.002130841301102915 0.37976236166916344 -5.470019038302682 
208 compton 0.010141467649597849 -3.610309718480953 -8.899362587605701 
208 compton 0.0015188477145576598 -3.627005718052778 -7.3134882935391765 
208 compton 0.0011855427978004 -1.6460870737514026 -5.351639572313022 
208 compton 0.00659376886018407 -0.6457489411902195 9.566339856192863 
208 phot 0.0420080847024629 -2.354880082052506 8.29101543902533 
209 compton 0.030607610343010072 -9.78415930642823 8.333333333333332 
209 compton 0.01975676573322703 -9.721263554396062 7.840768484540137 
209 compton 0.00012675737985885782 0.5124843575097007 7.5859206531456405 
209 compton 0.016897884658297044 2.27050716578463 7.339490586358826 
209 compton 0.018524342945126435 2.472308595777358 9.604814528590857 
209 compton 0.010391178345650641 5.040952481742317 5.636399078858052 
210 compton 0.03336249284381328 -11.276544048745533 8.333333333333332 
211 compton 0.05422040359864885 3.206599678551246 8.333333333333332 
211 compton 0.015033658470913605 -1.4538385689111823 6.469480619523592 
211 compton 0.011351552258654196 -2.744368111940682 9.634925822452061 
211 compton 0.012522263439915984 3.509815282143056 11.93133454309426 
211 compton 0.00914367239595823 2.9865054745668127 10.344668884302644 
212 compton 0.05461295371896242 -12.230973757557617 8.333333333333332 
212 compton 0.015746813472588217 -12.45100827201068 8.26136727016408 
212 compton 0.011670886836064806 -10.208661598234324 2.5708867092373975 
212 compton 0.0019237181259822572 -5.190532366955096 5.166086290490286 
212 compton 0.012938858827414274 -2.7850260085653247 4.685437876940718 
213 compton 0.05025850684024619 -0.663262581975987 8.333333333333332 
213 compton 0.0026328451991133595 -4.901722813928056 12.458999680605583 
214 compton 0.036218740496290494 -6.96855615033388 8.333333333333332 
214 compton 0.003996833661219196 -7.203302459262973 5.562129125604079 
214 compton 0.018615046475119967 -2.5663185660503354 -3.018791401848331 
214 compton 0.02312048251302233 9.052136969367556 2.533286032395625 
214 compton 0.011828957495763265 7.923938920669061 1.1497237571299652 
214 compton 0.007997454948869984 10.507696774012123 0.980620320648614 
214 compton 0.0013891084608078155 9.200600260690035 3.574169036551861 
214 phot 0.04683337594890694 -4.052690846205225 7.5108097028086895 
215 compton 0.05250522776116605 -9.621979552672522 8.333333333333332 
217 compton 0.0020458210339665273 -10.391604194565257 8.333333333333332 
217 compton 0.007469988224157564 -8.708599828034023 8.869024859989327 
218 compton 0.016683065829998178 -3.8100665701467875 8.333333333333332 
219 compton 0.04373067853230901 0.3945907975243763 8.333333333333332 
219 compton 0.027074816296340898 -0.7491730405821388 10.939496335499317 
219 compton 0.001150357744466854 1.1766770797312618 10.37303980548987 
219 compton 0.004420104355813484 3.9859488352929944 10.807985097158125 
219 compton 0.0006428769760166708 4.174211646157537 10.62724089324574 
219 compton 0.010227281570410626 11.067541137921822 -3.4884155200357565 
219 compton 0.0005459407331954574 3.163909654566191 -6.0436545009527185 
219 compton 0.0020642927590832846 2.806323103644203 -6.340613529472235 
219 phot 0.06014365103236371 2.5906715778361895 -8.330087866398717 
220 compton 0.037730002160309015 -1.3689163470386312 8.333333333333332 
220 compton 0.02264250014346414 -1.9311059124654637 12.173287800547534 
220 phot 0.08962749769622684 6.6528443370643515 12.13000989618121 
221 compton 0.04735461290703116 -0.5355437237010179 8.333333333333332 
221 compton 0.01549526594383481 -0.8632039705301547 8.80364364139404 
222 compton 0.054385032676815104 -1.3263399433696055 8.333333333333332 
222 compton 0.022253658190000733 -2.6482804077308897 7.843449377511514 
222 compton 0.005538068899098025 11.261646667395603 -0.6021144381969554 
222 phot 0.06782324023408613 11.180971567081588 -1.407729732673873 
223 compton 0.041548244367518986 -9.998324945340409 8.333333333333332 
223 compton 0.0017127535057096799 -10.34738590778255 9.42284771111408 
224 compton 0.04474217969458502 -2.6831454683417935 8.333333333333332 
224 compton 0.003990701021728493 -4.070906276997177 5.564517914668622 
224 compton 0.008569394143058726 -7.232603764237488 3.929344819796084 
224 compton 0.019015923665929815 -7.477335482734048 1.0725468217501768 
224 compton 0.008552423612769117 7.0480028782852155 6.390337513124209 
224 compton 0.000989994854982551 7.300999761483406 5.853458828195082 
224 compton 0.011874297981948355 7.012864381188616 0.792940450419894 
224 compton 0.007180082935447495 9.100782502686606 3.3568871334987453 
224 compton 0.004875240354125697 10.182013403622559 -0.1819243209329784 
224 phot 0.040209761735424725 7.0418889225758505 0.09201634500132222 
225 compton 0.014552614353500304 -8.726539932818367 8.333333333333332 
225 compton 0.039562262706549056 -7.024237694255134 10.40983494842015 
225 compton 0.019049209074727333 -9.134902855252607 10.613920580594726 
225 compton 0.013528852585442355 -9.001830475364784 10.047237339157045 
225 compton 0.0017746007211724424 -10.200332479847074 10.295377308117772 
225 compton 0.0063765664678025885 -11.51426985168308 11.952760244724514 
225 compton 0.005941444611653919 -11.136056970034959 12.278005155442054 
226 compton 0.03892880570975628 -0.7696956025951849 8.333333333333332 
226 compton 0.004022434640471431 -1.5353171899111882 12.20514659632469 
227 compton 0.019376072787091497 -10.857962600510245 8.333333333333332 
227 compton 0.007661051931529161 -5.510868424142061 -1.0608533639464515 
227 compton 0.03789969777041011 -3.019252009976627 -1.9425991726405818 
227 compton 0.001865755176983147 -4.746989994350113 -2.3138970908476972 
227 compton 0.01748022167551949 -6.5429581563575265 -3.943161398566812 
227 compton 0.01306158349047614 -6.797833566356732 1.1087818934975586 
227 compton 0.006752472983887446 -11.150881367130687 -11.634936742519303 
227 compton 0.0026946680635198603 -1.7056022737403502 -10.56647359027605 
228 compton 0.04148702076048648 -6.295781559611285 8.333333333333332 
229 compton 0.04647640709522209 -11.082774510324281 8.333333333333332 
229 compton 0.014641197624714497 -12.41276056300029 10.46462342157464 
230 compton 0.027202190933212772 -11.140656332458509 8.333333333333332 
231 compton 0.02794129753766393 -8.645479241752444 8.333333333333332 
231 compton 0.005032708575669134 -8.40868236847956 7.284138920847276 
231 compton 0.027216274726833342 -7.0335098083579135 6.030085197751754 
231 compton 0.00422034993111052 -7.2742854063748466 5.897840315120696 
231 compton 0.00250459637687539 -10.558950874274522 -4.6931373138077035 
231 compton 0.009985493454214497 -9.639744057231878 -7.5764738583943885 
231 compton 0.0001536040598012628 -10.474442160913659 -7.999584343524758 
231 compton 0.0008675871608752328 -11.031268510608188 -8.414986136755665 
232 phot 0.15 -11.949087003088364 8.333333333333332 
233 compton 0.00286708693835816 -10.002197789998105 8.333333333333332 
233 compton 0.051187460757599085 -8.46063844535598 8.924904862683627 
233 compton 0.018909490350254465 -8.854766866306994 8.411887181611851 
233 compton 0.002590686028906816 -10.204413522921456 10.370608105229731 
233 compton 0.002387268976873677 -11.36080636948597 10.69587803083757 
234 compton 0.006530639086290896 -2.542010828689209 8.333333333333332 
235 compton 0.03131571460830432 -8.089630237299291 8.333333333333332 
236 compton 0.003973854119678627 -6.746133744456466 8.333333333333332 
236 compton 0.0002678105856754598 -3.149950289969085 10.000036771113097 
236 compton 0.03930953052472147 2.1886008050134103 11.772346914275495 
236 compton 0.02674636702804184 2.027756554150241 11.997838380187751 
236 compton 0.01093193150355859 3.5754507469690147 11.939588130682965 
237 compton 0.041978014999107846 -4.975940118515314 8.333333333333332 
238 compton 0.010778759966655282 -8.528037069442686 8.333333333333332 
238 compton 0.033696772316128734 -1.4449621200491585 1.8230593635748367 
238 compton 0.028051318199298875 -2.77555450009213 0.8018680856906839 
238 compton 0.0007780327755479433 0.7558147425925643 0.578889776054974 
238 compton 0.009395342399865073 2.251162405763019 1.0493814582911027 
238 compton 0.01083190692537394 1.7232123982155851 3.2552288248292274 
239 compton 0.035161765118659524 2.6487194786660595 8.333333333333332 
239 compton 0.034209793788306866 1.9962179055312 -6.802108436666929 
239 compton 0.010719617111717733 3.5481381961236447 -4.097611084601658 
239 compton 0.003725766392288929 4.003686065265153 -4.342210665160872 
239 compton 0.0055894130912566425 7.577356662101495 -2.6211173474413627 
239 phot 0.0605936444977703 6.8975941128891085 1.6753672819387901 
240 compton 0.032971709250939105 -6.414207137506843 8.333333333333332 
240 compton 0.03262326493926965 -6.174088010307239 2.3652150243177177 
240 compton 0.014130018339479244 -0.8832013723076892 7.7965425185953645 
240 phot 0.070275007470312 -0.7965252728513036 7.6640898401625 
241 compton 0.029710816678966356 -9.253468680838083 8.333333333333332 
242 compton 0.022764620011427844 -1.537214964623578 8.333333333333332 
243 compton 0.0005372021580365149 2.054314869281578 8.333333333333332 
243 compton 0.053442874058737 6.255658625547071 7.669762451595684 
243 compton 0.004412297834892165 5.3005533931472035 7.387162436220516 
243 compton 0.023571975506384596 -1.5236391812616707 -3.7216003810081677 
243 compton 0.007159959221193994 -0.7946351938078607 0.24603522699724056 
243 compton 0.005424288886028916 0.8708230404982608 0.13790874967771247 
243 phot 0.055451402334726806 3.2817632738684828 9.793978235167456 
244 compton 0.024535951986575405 -1.1503070669551185 8.333333333333332 
244 compton 0.006789623780817877 -0.27094913857353886 10.81673178752103 
244 compton 0.005281071187789255 1.2933257875766477 11.741282492386006 
244 compton 0.006828295716778551 1.588318688435567 11.708524859908941 
245 compton 0.000931988468970496 -2.402912770589449 8.333333333333332 
245 compton 0.0007505345914418926 -0.23915554577348797 8.787198015711004 
245 compton 0.00974715847634225 0.2732495339065776 8.79756465657597 
245 compton 0.01625277742293238 3.594838531893482 11.777984113647143 
246 compton 0.0223767484238388 -6.56286242769101 8.333333333333332 
246 compton 0.04224134064704968 -4.297369221894922 3.1838055790676076 
246 compton 0.005353695577699338 -4.571364510265241 4.416567715323879 
246 compton 0.01861859688517463 -5.064699264040287 4.639443329936247 
246 phot 0.06140961846623755 -3.6597318491477635 3.2376969719018307 
247 compton 0.00497275275386147 -12.373154800402002 8.333333333333332 
247 compton 0.04918802781974192 -6.4309054180037695 11.488933256771942 
247 phot 0.0958392194263966 -7.722418863883008 8.837032288711205 
248 compton 0.01958544826782682 -4.76995086736929 8.333333333333332 
248 compton 0.04195113075479184 -3.805186174755829 6.609561101557527 
249 compton 0.0018801620118147067 -12.462386798765616 8.333333333333332 
249 compton 0.04516404812398772 -4.702012536147195 10.692752855513532 
249 compton 0.009194596332180463 -6.401642091796411 3.8650363468154465 
250 compton 0.005664960278918024 -10.484520611395865 8.333333333333332 
250 phot 0.14433503972108197 -9.706790090661201 7.88486509793526 
251 compton 0.01874643205140558 -2.5809249633311016 8.333333333333332 
251 compton 0.03267874161031997 -1.9640167280490513 7.302276442995618 
251 compton 0.018439967984102176 0.7124742108256732 10.2530166837568 
251 compton 0.018910845594783593 -2.212318292303107 12.016629224802337 
251 compton 0.007629087810106044 1.088588575653887 11.011419931801417 
252 compton 0.045386959541085695 -6.019050065593535 8.333333333333332 
252 compton 0.0017338224394557178 -8.981546828567051 2.889553391952151 
252 compton 0.025926101237955274 -9.173475657289222 0.7575336206576284 
252 compton 0.0027646034463046643 -9.839291719589488 1.4835178167921697 
252 compton 0.00016025354198312414 -9.995488743484993 8.179960523924063 
253 compton 0.031935295753917015 -8.349519363067497 8.333333333333332 
253 compton 0.032236003753300366 -8.062442732964993 11.97760451185841 
254 compton 0.05319471955347092 4.198164269831091 8.333333333333332 
254 compton 0.00527057631725758 2.825921328506052 7.562904208014237 
254 compton 0.002418687708706596 2.0011107611217693 7.808432063974319 
254 compton 0.01695350000433403 1.981191825083662 7.802954540623474 
254 compton 0.0035907639332513758 2.0630765492391308 8.750954300642885 
255 compton 0.03510197248229577 -11.142397116425043 8.333333333333332 
255 compton 0.018759712856598956 -11.42448340976391 1.4176041406990887 
255 compton 0.01395628504610491 -8.845611939795281 0.9661104290524325 
255 compton 0.005628227800995533 -7.994795856611994 4.030481332878749 
255 compton 0.015050368075533789 -9.114181644867726 5.291088250267385 
255 compton 0.0017868228714237044 -10.612180928607462 -4.069866838213712 
255 compton 0.0011778246394932856 -9.659978008952333 -5.582127173653377 
255 phot 0.05853878622755405 -9.751276205077865 -8.295756371814784 
256 compton 0.04945046123706305 -11.02682068517802 8.333333333333332 
257 compton 0.00484071382480844 -8.412001927906413 8.333333333333332 
257 compton 0.014160838752393712 -7.774212910377963 8.666424299650195 
257 compton 0.023486146048750253 -4.534393842787633 7.213993618265338 
257 compton 0.03089299024906536 -2.800953096388887 9.91927316762451 
257 compton 0.016327761624983103 -3.498872409470648 5.539731213452648 
257 compton 0.0011946157290585804 -1.0270554643460699 7.9829491499583405 
257 compton 0.006186137605528809 2.28547979735687 8.604620973522495 
258 compton 0.014920533963990262 -12.151032319227413 8.333333333333332 
258 compton 0.03222884630204405 -6.919858680915911 1.7774084445995593 
258 compton 0.026034333894090017 -4.532226923719451 4.550603691584901 
258 compton 0.016521561796022453 -8.92427156545142 4.3650646225167735 
258 compton 0.010545695339486835 -0.1678133702795268 -1.1523279892754772 
258 compton 0.006338836635699854 -3.3579959830474304 -1.430652697970657 
258 phot 0.043410192068666524 -1.6444140260647166 2.243227482551513 
259 compton 0.012313120758597279 -9.291203043495532 8.333333333333332 
260 compton 0.048617366967499936 -11.456355692159676 8.333333333333332 
261 compton 0.04100130712936524 -8.991829040951629 8.333333333333332 
261 compton 0.012437899469300226 -9.681109896251993 10.683250721905566 
261 compton 0.02451827920289812 -7.924238039717496 12.140994881575681 
262 compton 0.043153819022580295 -5.669349901868496 8.333333333333332 
262 compton 0.030154734090666074 -6.123821242038082 7.213013813314668 
263 compton 0.03704225152707047 -7.241506191598195 8.333333333333332 
264 compton 0.008329568962129746 -11.053481959962982 8.333333333333332 
265 compton 0.028740465022707745 -9.833081939912496 8.333333333333332 
265 compton 0.02733341243681188 -9.282584448679794 5.528076415129905 
265 compton 0.007678368428371343 -4.873172794739125 7.508307702894089 
265 compton 0.019215239397626357 0.4668643315365566 3.800429287005603 
265 compton 0.001061105429578671 -2.7577592898053203 3.1777756484477484 
265 compton 0.005006302633098425 -6.980675514234555 -0.31575459458787813 
265 compton 0.0038306935447328314 -4.671338232368422 -7.3156991165795855 
265 compton 0.00015726906460820228 -9.365233745913795 -11.886036891531152 
266 compton 0.00623270903514947 -4.582305356892081 8.333333333333332 
266 compton 0.04305211895438198 -1.3807316601158761 10.2980292031631 
267 compton 0.05138567934674784 -7.940711742237552 8.333333333333332 
267 compton 0.021664446548781066 -8.042522857552415 8.250349717602576 
267 phot 0.07694987410447109 -8.891808072079993 12.291854656426327 
268 compton 0.00020343747708695403 -8.60160775518132 8.333333333333332 
268 compton 0.05469668315581046 0.31474355926366293 9.194015088309254 
268 compton 0.01917191056804393 -4.6465749291811145 7.253851865497699 
268 compton 0.003167719714569986 -4.036066691567135 6.581970833291353 
268 phot 0.07276024908448867 -2.1779150902820943 6.4933315605083 
269 compton 0.0543284755380284 0.043146708486926144 8.333333333333332 
269 phot 0.0956715244619716 -3.0805547441502736 9.522935027509 
270 compton 0.04687560558005778 -6.657513376403006 8.333333333333332 
270 compton 0.022799742574245052 -8.43931410589826 11.049467308328769 
270 compton 0.01786296319782494 -6.848013357113208 11.309476554738927 
271 compton 0.023965931610119784 -7.799458430773354 8.333333333333332 
271 compton 0.03180287754112407 -4.82229916960798 0.4221167234783234 
271 compton 0.022715143995982776 -9.616590092796129 0.5052120859254855 
271 compton 0.0003963988547900643 -0.4564569307230144 -8.571715818800628 
271 compton 0.01148997713030657 1.6071725032185773 -9.692835376104567 
271 compton 0.00356343078059234 2.7902139784430373 1.7504886771453059 
271 compton 0.002137330259888992 3.666012357432919 2.0899141488532034 
271 compton 0.0032542621277543496 6.121738146681643 9.422221783648835 
271 phot 0.05067464769944105 8.089864425082615 9.5781941210046 
272 compton 0.034028789456656064 -12.015437097203932 8.333333333333332 
272 compton 0.014726524035906768 -12.01487541934181 6.931535436352981 
273 compton 0.02123929802259783 -10.164866219140244 8.333333333333332 
274 compton 0.009241891398778235 -7.041624749181744 8.333333333333332 
274 compton 0.03923821426530792 -5.272148219596515 9.770049258702398 
274 compton 0.013262278234084254 -6.252798026457011 10.272948959664845 
274 compton 0.017024961450269063 -6.231416579895689 10.36520180161134 
274 compton 0.01386972676327581 4.900615013766996 2.389928528622584 
274 compton 0.00289714391416164 3.7207750572263896 8.113531269425977 
275 compton 0.035444251265561694 -10.350290677509724 8.333333333333332 
276 compton 0.05385648447953441 -7.964456030622804 8.333333333333332 
276 compton 0.003433853634262213 -9.279319185480624 7.727787104358295 
276 compton 0.024502477727219918 -10.690654878382007 8.023686534278488 
276 compton 0.007114073796882704 -0.5845051068864269 7.957250222726187 
276 compton 0.011322607052367047 -0.5506190174065736 8.207632587214531 
276 compton 0.005572471017492545 3.1062617718093786 -3.2108414737736393 
276 compton 0.006438974216897805 8.904970757528229 0.832025977800515 
276 compton 0.0034162683948953734 7.810848705055979 -0.4080420925402808 
276 phot 0.03434278968044798 7.218088560254713 0.6918453868591852 
277 compton 0.053698252766207766 -10.063047602831933 8.333333333333332 
278 compton 0.031719038598681346 -9.887286866730445 8.333333333333332 
278 compton 0.022624165277879152 -9.746110340594843 6.706305342378955 
279 compton 0.05063571535315231 -7.619449477766172 8.333333333333332 
279 compton 0.01000108921246591 -8.132578850343492 8.80527913085978 
279 compton 0.02219568095216777 -7.715395685942545 10.129235304070198 
279 compton 0.00017153507573654247 -7.584761628190602 9.363894481725717 
279 compton 0.00390873982962793 -7.911829210475448 -2.052452636394907 
279 compton 0.006385051047293894 -8.654429125018002 -2.4844975530081106 
279 compton 0.003938737650919975 -7.14150133541593 -5.707187582163222 
280 compton 0.011234226941696568 2.1597103403156392 8.333333333333332 
280 compton 0.013316907596223726 5.080288081636428 11.114315273992473 
281 phot 0.15 -11.423707476846785 8.333333333333332 
282 compton 0.011901712917509244 -7.115886320338424 8.333333333333332 
282 compton 0.03485486350244581 -3.41867379609234 12.037903557459053 
283 compton 0.01509601351544132 6.221233606827083 8.333333333333332 
283 compton 0.02851921256628924 7.199591446320922 7.091295898612058 
283 compton 0.024327663171432243 5.251483186521521 5.604924563693009 
284 compton 0.03319086946576881 -9.102161674017939 8.333333333333332 
284 compton 0.009074700822510717 -9.04461413444045 6.53637962380489 
284 compton 0.012243792526135458 -1.9019670097680912 1.089705098730228 
284 compton 0.014573744212832293 -1.5189736301175014 1.3073083734965723 
284 compton 0.018931127240405722 -2.0460959230120443 2.318616440386897 
285 compton 0.027455412948567348 -2.4872145177158043 8.333333333333332 
286 compton 0.022023796628852815 -10.24364468095411 8.333333333333332 
286 compton 0.022043013729872524 -9.893723038777491 7.563357303858854 
287 compton 0.05194089886313684 -3.388090449521517 8.333333333333332 
287 compton 0.02502395373600945 -4.75673931953494 9.343874496976657 
287 compton 0.015921672921714362 -2.2566998951284165 9.422172805500058 
288 compton 0.036510089163535084 -10.99122916065284 8.333333333333332 
288 compton 0.0025567285928489863 -11.123890912491088 6.956899604869781 
289 compton 0.006718722761052315 -6.891641879228917 8.333333333333332 
289 compton 0.016691934230611133 -2.658324397582355 5.601701630622543 
289 compton 0.010877343891212934 -2.8603934022310447 -8.094597164303572 
290 compton 0.0013253604171070688 -9.662886156611037 8.333333333333332 
290 compton 0.01879895512393856 -9.442045411830176 8.277630353348076 
290 compton 0.03799887168214794 -6.929623101107852 10.850201890254137 
290 compton 0.002884022161653052 -6.215553268782487 4.887684676457853 
290 compton 0.012183490363285324 -6.496918741980025 4.360962608239924 
290 compton 0.006669964996867936 -4.5075075874270905 3.057749325924237 
290 phot 0.07013933525500012 -3.1781604164593222 3.9962101002716732 
291 compton 0.028450813083403498 -11.701259660226876 8.333333333333332 
291 compton 0.03736857635047117 -11.468653194052578 7.209078454262938 
291 compton 0.018346809971036535 -10.17844572794631 11.113050818969114 
292 compton 0.053883204348503036 -10.907307627065327 8.333333333333332 
292 compton 0.01781444533912685 -10.971613323312829 8.303993956118095 
293 compton 0.044554551064851386 -7.857596957801914 8.333333333333332 
294 compton 0.051880309935278174 -5.437291403995366 8.333333333333332 
294 compton 0.00716314027227842 -6.049494108563724 8.790479357861106 
294 compton 0.008591499512083003 -7.587986340150486 8.317074137517046 
294 compton 0.01377401253385406 -8.352301006575404 2.392956653296399 
295 compton 0.012202701540287353 2.3576667127769078 8.333333333333332 
295 compton 0.026083173154541867 3.034659929725608 7.639409960146567 
295 compton 0.0003510865606526359 8.731759668270783 11.86764583079291 
296 compton 0.04083933039824626 -6.12876995676841 8.333333333333332 
296 compton 0.016396436779925347 -6.386802455224459 7.42945594005499 
296 compton 0.0004847154917121399 -8.578864414985237 7.659637591631611 
296 compton 0.023693909279091943 -11.040922615914697 7.321409084748053 
297 compton 0.05516320336962839 4.1336830700769145 8.333333333333332 
297 compton 0.021784683365017835 -1.7714293999646387 9.484055770526187 
297 compton 0.0006517108237802105 5.257407988733505 -4.717935416811052 
297 compton 0.01040943003412629 5.4241297627568645 -4.87464924077433 
297 compton 0.0036041454414059565 3.729098425377762 -6.110761107124914 
297 compton 0.009170330251019758 -5.771723279743599 -1.7847086464222244 
297 compton 0.0003621394936357755 -1.680590359094622 0.24748888394038326 
297 compton 0.0017418142648887996 0.418834697851155 0.3865364944766304 
297 compton 0.0021298326055658803 5.882162553172658 -5.763243890676636 
297 phot 0.0449827103509311 5.434329101989633 -7.043816093643483 
298 compton 0.04646581789137068 -10.646600430725448 8.333333333333332 
300 compton 0.02841264173783853 -6.55445290908856 8.333333333333332 
300 compton 0.02179033536645017 -4.844787738427724 0.1258008345321322 
300 compton 0.005300084323541621 -10.073141954124985 -1.421930197724737 
301 compton 0.049304303234418784 -8.350279503824837 8.333333333333332 
301 compton 0.026522999188306917 -9.12771097250619 7.467331406265 
301 compton 0.014821519192326008 -0.5167072996048852 9.397780149540797 
302 compton 0.052904969982688524 -12.069259934358913 8.333333333333332 
302 compton 0.009448050789043552 -12.32196345197588 8.180860454217676 
302 compton 0.01996587536620517 -11.531946235511887 -0.0725336564298793 
302 compton 0.008849164204305267 -9.929340304769209 1.9432637181770147 
303 compton 0.02430066823993951 -8.201989095708221 8.333333333333332 
303 compton 0.017508996737646998 -7.900725982135684 9.162720911565911 
303 compton 0.0033944582032738313 -7.150415773277296 9.163270482748764 
303 compton 0.02707091491005184 -5.324912012296793 8.01946858547611 
304 compton 0.04896930689486503 3.1745319180171645 8.333333333333332 
304 compton 0.0119493627887855 0.8354659974072964 11.059256235744206 
304 compton 0.010381821758640858 -7.113072844935973 7.867774167875209 
304 compton 0.0025205148958638984 -7.004919810002974 7.077847986144095 
304 compton 0.0016977980544431864 -7.1175029802736 6.886473550441257 
304 phot 0.07448119560740152 -12.121657484661178 4.2893291477230715 
305 compton 0.026684760427482968 -6.914937210952226 8.333333333333332 
305 compton 0.03400896065182084 -6.455165214669743 6.645422115624024 
305 compton 0.0018052481659393549 -4.594072023448886 8.907075443909273 
306 compton 0.042232627840108075 -8.7792381779673 8.333333333333332 
306 compton 0.00790160817732953 -10.595887296144303 3.22432678428114 
306 compton 0.026785540499272287 -11.67240945289221 2.8516490070442266 
306 compton 0.005572852276552409 -10.561467037522025 2.659618408263799 
306 compton 0.01297778500620466 -10.224074469577587 1.4180502073692527 
306 compton 0.0007699991294277467 -9.97558058315748 2.0481767960602424 
306 compton 0.003470504252710553 -8.236648998009303 3.4288905301562798 
306 compton 0.00556648216856593 -7.374847982930167 2.9022713214604337 
307 compton 0.025164266053207568 -9.248050843885064 8.333333333333332 
307 compton 0.00890867888028235 -7.563639671064408 3.2274308122116064 
307 compton 0.034855561441251126 1.9728360505591276 -1.2220063214085357 
307 compton 0.0006381059694538921 -1.9999855824543942 3.77013067648393 
307 phot 0.08043338765580506 -3.812945662686962 4.960613917935616 
309 compton 0.05109889425856069 -9.073041661478758 8.333333333333332 
309 compton 0.0007242075886176452 -9.09826300380815 8.311772442128797 
311 compton 0.038317143509127696 -3.593404372548843 8.333333333333332 
311 compton 0.013445214819342965 -3.8194632179348695 9.65341281847329 
311 compton 0.018689985191414682 -4.249372393991459 9.746611748358687 
311 compton 0.01747067347528066 -4.246572961470165 9.48089613251668 
312 compton 0.05434108938441003 2.5984681973548405 8.333333333333332 
312 compton 0.007526255514320873 -4.550594965267339 5.626979619614526 
312 compton 0.014944692237628662 -6.8854033449876155 -5.163478907423973 
312 compton 0.001965007039440192 -10.58441465072564 -3.6078831200293355 
312 compton 0.006638187043724875 -10.69824274322143 -3.418671994083888 
312 compton 0.012098224596554491 -10.54357531873299 -3.257084614356081 
313 compton 0.05528961652238122 -12.313087805069548 8.333333333333332 
314 compton 0.019876583829290306 -10.97717126637782 8.333333333333332 
314 compton 0.009145082925607617 -10.473233850136657 9.255284966768132 
314 compton 0.0034672532042616527 -9.10860997412976 9.64707078444283 
314 compton 0.01210529493657407 3.318843745651659 6.802571615450292 
315 compton 0.05143590548451413 -0.6073020768929016 8.333333333333332 
315 phot 0.09856409451548587 -1.296228637987232 8.890071396125514 
316 compton 0.03188068495302701 -12.21515737335271 8.333333333333332 
316 compton 0.02468114496463482 -11.77787157389885 2.921042925709644 
317 compton 0.054276807999423596 -0.8759293985322323 8.333333333333332 
317 compton 0.005649945996070674 -10.018717828460607 4.767298400723563 
318 compton 0.032384343536233054 -12.284336005066182 8.333333333333332 
318 compton 0.003584297930886729 -11.827284283320939 0.9765462174727579 
319 compton 0.0007319752944821012 -8.578760762571921 8.333333333333332 
320 compton 0.05524258105570799 -1.6454651357218726 8.333333333333332 
320 compton 0.02248693039853082 -1.7924983316764618 8.358152315154424 
320 compton 0.01464141434209651 0.45932196674928094 10.100809669816973 
320 compton 0.007031140121578905 -2.082441761373267 0.648570870739567 
320 compton 0.008221267643942855 -0.4218371108978387 0.6014316087003592 
320 compton 0.003844791538896275 -0.7282963171033856 0.7011813038195245 
320 phot 0.038531874899246636 0.4051149178253053 2.683822113676867 
321 compton 0.020660046761283524 -11.26792589596699 8.333333333333332 
321 compton 0.0072169226713628964 -9.639940298592242 5.154551594953398 
321 compton 0.0203280646374826 -10.192323623782952 2.730746146445387 
322 compton 0.00047628754290968134 2.055976908952662 8.333333333333332 
322 compton 0.02280024843765352 6.268031262791104 7.707713567192703 
323 compton 0.027689773245436936 -5.348985134814636 8.333333333333332 
323 phot 0.12231022675456306 -4.865359482328787 10.391335789245788 
324 compton 0.01557144600417601 -11.808632834399969 8.333333333333332 
324 compton 0.025132265268134765 -9.364527646476882 11.546682445226796 
324 compton 0.02227528164525648 -4.418057419063801 8.688118909529615 
324 compton 0.020823639174220185 -9.790268061804076 2.5886151277023517 
324 compton 0.011881668387287957 -4.5568140992169575 4.142361691362764 
324 compton 0.007849364148601587 -8.664891593068774 6.5087580766288315 
324 phot 0.04646633537232301 -7.467003980015932 -4.589803393488836 
325 compton 0.040585470471099214 5.570042615806971 8.333333333333332 
325 compton 0.004222237455132755 4.872531354167544 5.7812955608205625 
325 compton 0.028107501007423374 5.84050636340794 3.1741039601849534 
325 compton 0.011421153131327341 -5.99229116078363 10.033798611980387 
325 compton 0.011778315928544482 -10.607091276486049 -1.8027741574480078 
325 compton 0.0026343643525316984 -10.902504014144919 -1.145196322756922 
325 phot 0.05125095765394113 -10.58225260169002 -0.6873883897724691 
326 compton 0.04521315477277604 -11.405932443356601 8.333333333333332 
327 compton 0.0042645065653724445 -9.516779940856546 8.333333333333332 
327 compton 0.03818207777233909 -6.436588965328861 9.822395330026248 
328 compton 0.024835105579932126 -9.962713679127962 8.333333333333332 
328 compton 0.03702828884000588 -6.943581249144036 -0.48073104242235765 
329 compton 0.04653509231355245 -5.858330205814497 8.333333333333332 
329 compton 0.0032561266200764605 -9.651512863683928 2.2992689091280383 
329 compton 0.025779049176107266 -10.648057457386086 1.8359534791106191 
329 phot 0.07442973189026382 -6.761626451215536 10.141064152705916 
330 compton 0.049712864550794406 -4.862534294578017 8.333333333333332 
330 compton 0.024347171672345305 -6.8549219738877545 10.430854305388552 
330 phot 0.07593996377686028 -4.1369897589496665 10.630877349154186 
331 compton 0.014488634628164465 -7.579405575220056 8.333333333333332 
331 compton 0.006675942039627736 -3.281254069284066 3.1149483689836712 
331 compton 0.03922860032909013 3.901729670689951 1.3113779409087971 
331 compton 0.0005176248462737537 0.894020369072444 -0.320329879722435 
331 compton 0.012107082568196786 0.5221776268825626 -0.41090548694857454 
331 compton 0.0050646545684765315 -0.5117164002545649 2.5399153365912475 
331 compton 0.0152917417565177 -4.093890979467442 3.358230478528217 
331 compton 0.00931282455616763 2.871841551426235 4.63426736212499 
331 phot 0.04731289470748526 -3.6087697275748125 8.182131067973003 
332 compton 0.023584067086957455 -11.241513191185454 8.333333333333332 
333 compton 0.05007554746936836 -7.657675976041497 8.333333333333332 
333 compton 0.016962085126058027 -10.851182465872242 5.140639242887051 
335 compton 0.01918479615700086 8.79046098432215 8.333333333333332 
335 compton 0.04135707199008461 11.094259848369816 12.319452061776635 
335 phot 0.08945813185291453 10.60058317509488 12.103042761868444 
336 compton 0.049496034468968414 -7.2322482436253415 8.333333333333332 
336 compton 0.002965369344266708 -7.381692640238046 8.17118301440756 
336 compton 0.01292544416761078 -8.983031147010795 -0.5689352913820791 
337 compton 0.049725184471207495 -9.169684309521717 8.333333333333332 
337 compton 0.0015726821863840668 -9.658598397637526 8.847156619923025 
338 compton 0.008000295387204592 -10.697037989406521 8.333333333333332 
338 compton 0.03176116237419718 -10.689006855728408 8.339188113472776 
339 compton 0.046300710613266904 -11.129972646234757 8.333333333333332 
340 compton 0.0068805918930311405 -9.969838325103607 8.333333333333332 
340 compton 0.01912576523410335 -4.7945026336169185 11.72730480206971 
340 compton 0.005841181148805691 5.164354451306517 5.966743629579364 
341 compton 0.025916810565275866 4.602493279641033 8.333333333333332 
341 compton 0.010555990951959374 5.737024796781657 4.56748165157588 
341 compton 0.0007031196293761088 1.4122561829961962 -1.5790072387401777 
341 compton 0.028537621628431223 0.4964840081695242 -2.382577162414353 
341 compton 0.01629079121901511 0.23181263604991625 -0.7162367598863282 
341 compton 0.012841663064002147 -2.8616684790323066 -2.958096614275294 
342 compton 0.030536989612630655 -2.5927149421872286 8.333333333333332 
343 compton 0.006464369097957917 -4.590627490320574 8.333333333333332 
343 compton 0.005630792838195592 -2.032476174930294 6.724939910215254 
343 compton 0.024426387347770806 -1.94554178308733 6.723606604560896 
343 compton 0.016958850005126425 -0.7215003962558735 12.219571037918842 
344 compton 0.0037434140085300938 -8.760135459388525 8.333333333333332 
344 compton 0.023526258344193543 -5.882377185087988 7.045819233722486 
344 compton 0.00044015072417635803 -6.189366379982212 3.404682246386118 
344 compton 0.01184206000643391 -6.517345199633864 2.1590131791053038 
344 compton 0.02405062331255904 -4.09436123380421 -0.5560753510068142 
344 phot 0.08639749360410705 -5.920868318617107 -1.408290558948506 
345 compton 0.012389374676161885 -3.2942504880932155 8.333333333333332 
345 compton 0.011012563516147544 8.054888654108192 -3.463810593313191 
345 compton 0.03722972217185966 7.990250237518895 -4.5203985194568865 
345 compton 0.0025183405823352434 5.6956180501474485 -2.1055113258233313 
345 compton 0.0163780239438987 -3.784953417586493 0.08245508697236836 
346 compton 0.02015387672376251 -7.610437316666055 8.333333333333332 
346 compton 0.033356352875700615 -6.945697840647769 9.577507930583637 
346 compton 0.0183418525751452 -2.592811296279125 4.52682670589914 
346 compton 0.005075763296986016 -7.520485491750025 2.0491735544520764 
346 compton 0.0027266764427365114 -8.130060855677577 -3.3977463097390905 
346 compton 0.007444526847809621 -3.4786356231736653 -9.611604912092439 
346 compton 0.011211291635316777 -5.966753788166912 -12.089332691420758 
346 compton 3.81974580362307e-05 -5.194965657925373 -12.028260219893784 
346 compton 0.001736389551908156 -5.174226584343945 -12.029132346750671 
346 phot 0.04991507259259836 -4.107918535681404 -10.90121902088444 
347 compton 0.0007607983825027587 -11.490285774973218 8.333333333333332 
347 compton 0.004286278370076502 -7.391081849321798 9.107416072545949 
347 compton 0.049625594873364834 -6.008372711773381 10.138029556027137 
347 compton 0.004523887263160303 -7.269631309960362 10.064522727381368 
348 compton 0.047894319707176225 -9.593144597137801 8.333333333333332 
348 compton 0.025963872383112666 -11.833449211549183 11.336375962429713 
348 compton 0.007514751784970894 -12.189035519630062 8.905539734657548 
349 compton 0.03499484039516099 -9.69888907909548 8.333333333333332 
349 compton 0.01632120596596459 -9.862156560319653 3.8769544970057854 
350 compton 0.03954308639613807 -11.411198192376226 8.333333333333332 
351 compton 0.023211770293401934 -11.374306636322213 8.333333333333332 
352 compton 0.00627977144369668 -10.021336319385215 8.333333333333332 
352 compton 0.003220472537844854 -8.700582364467271 9.147878778630869 
352 compton 0.041433310123734204 -8.616160328123243 9.268245634774466 
352 compton 0.024751357038734864 -9.107262311533889 9.299454787277059 
352 compton 0.0019393047897909438 -7.561092855483675 10.618907585138825 
353 compton 0.0026785115874482512 -0.3713293292521378 8.333333333333332 
353 compton 0.008557860688894636 6.832173072083256 10.99390233034005 
354 compton 0.026623954451100773 -5.77488697531697 8.333333333333332 
354 compton 0.008883862812562579 -5.476983449781493 7.248733801196453 
354 compton 0.027135100129173098 2.250482467056149 3.247035406624266 
354 compton 0.00047162573524596463 -7.364313987931726 -4.7904090348921455 
354 compton 0.014311744856072534 -10.967040377396735 -9.817235483904145 
354 compton 0.0025780843655169444 -9.694060983257103 -10.450069466335629 
354 compton 0.008929524000757687 -9.285312056263681 -11.49551747094202 
354 compton 0.0032856240550550656 -10.030035017836822 -11.730079672690804 
354 compton 0.009437285281356698 -12.33379846198693 -9.734117992197856 
354 compton 0.005137630992878929 -12.218452165662807 -10.893139291436809 
355 compton 0.052028039123293734 -10.820528065026759 8.333333333333332 
355 compton 0.003663849230305452 -12.191483537101348 9.329054536202658 
356 compton 0.05481107498527901 -12.109588372446728 8.333333333333332 
356 compton 0.012241532410630696 -12.467367840808278 8.23122471655596 
356 compton 0.0011761878041215562 -12.18947372356161 4.194936673349421 
356 compton 0.010010454719816458 -11.415151746916782 2.753293342223019 
356 compton 0.00436857572461978 -4.536122150955031 5.376247548862972 
356 compton 0.008217783063368976 -3.8456917096771983 4.864359344380559 
356 compton 0.008866514763951693 -8.541276091601215 -0.8132310615843794 
356 compton 0.007746392773983278 -7.516104746660241 -0.9596464646571845 
356 compton 0.004417466902825851 -9.540033628848823 0.742060721465321 
356 compton 0.0025043295839204463 -8.18941095789546 1.4290929455599841 
356 compton 0.0007915565954862355 -4.64398640402692 -4.632427787127921 
356 phot 0.03484813067199601 -1.0361756117011032 -5.4044136771477085 
357 compton 0.05196525541909429 -11.746510759162932 8.333333333333332 
357 compton 0.02128885780715324 -12.05591541757915 8.105926497357796 
357 compton 0.007283659238706608 -6.136993125946014 5.063507249043267 
357 compton 0.0010875327471824153 -0.12986082686747924 11.118873468998824 
357 compton 0.013407928696202533 0.2473716154163283 12.370206174576289 
357 compton 0.008489438590436833 -0.16228596104176196 12.043061545305418 
358 compton 0.038357768811058235 7.859601559869192 8.333333333333332 
358 compton 0.027495707101140618 7.418008291457067 5.7805626440028055 
358 compton 0.007423200802063795 10.253835644082955 6.806914632887993 
359 compton 0.04080085024336272 -9.536694150477647 8.333333333333332 
359 compton 0.006759065214498511 -10.932650372634221 3.4113911296159305 
359 compton 0.02366692167778238 -9.308689887289242 0.6475260659860722 
359 compton 0.011923447522553643 -9.87803661259243 0.6423270340543437 
359 compton 0.0009503990919050437 -9.268788039975616 4.713360582066823 
359 phot 0.0658993162498977 -8.712991820375628 5.487729982270127 
360 compton 0.04458779782176278 -6.7648084380347155 8.333333333333332 
361 compton 0.01930830433673139 -12.3522744353769 8.333333333333332 
361 compton 0.009088564139271588 -11.04647792687476 6.051622285158956 
361 compton 0.0014732409259196472 -1.2231802702544918 3.3694609229425256 
361 compton 0.0022582113412703136 7.875417506798909 3.8785572718598553 
361 compton 0.022805745677493064 8.811254045259286 4.3450235725768245 
361 compton 0.024264166844925147 10.49609025891639 0.5964076155768661 
361 phot 0.07080176673438884 8.93036406037604 1.6195302431252663 
362 compton 0.011323437562306304 -8.34834761747559 8.333333333333332 
362 compton 0.024799083375675227 -2.9474643875359714 3.1551696616335434 
362 compton 0.0008926795367265039 4.4593751646657624 8.305374010795926 
363 compton 0.011832827452433414 -11.8379603470192 8.333333333333332 
363 compton 0.00898196712154245 -9.536528761962119 6.039326813823304 
363 compton 0.036852947517838006 -3.9008879121980895 5.755535202172225 
363 compton 0.008291627863336232 -4.2788778530313945 5.276038525626513 
363 compton 0.017756681946564865 -9.593280030410103 6.333172316738744 
363 compton 0.001529198443747326 -4.670130773968639 -3.0376564194523032 
364 compton 0.025792842065126734 -5.438300440934488 8.333333333333332 
366 compton 0.008565538038484671 -7.048838276024644 8.333333333333332 
366 compton 0.02835334548293013 -4.130193257616339 6.0963107938951735 
366 compton 0.031837738857401154 -1.7328348908934776 8.679043189707917 
366 compton 0.007092713179383703 -2.4682034686530923 -4.07555357743507 
366 compton 0.015940886765033163 -2.064806992850598 -4.279111713542377 
366 compton 0.0015449196609621865 -2.826072260366748 -3.2216434313705924 
366 compton 0.0020528265066913146 -9.524374800849339 -1.579798920359754 
367 compton 0.05124141268367598 -8.63270787368258 8.333333333333332 
368 compton 0.016030577054288064 -12.008070234659993 8.333333333333332 
368 compton 0.02882517842834409 -11.661066569289535 7.861375216127731 
368 compton 0.0251170896274871 -10.7256047677796 8.617370831567456 
368 compton 0.016121306808751498 -12.027535144731054 9.074964647954015 
368 compton 0.005607720729732472 -11.759548080038293 8.263818938344787 
368 compton 0.003138683174101077 -6.150422457888937 8.74819729649332 
368 compton 0.00064637865148056 -4.516314489465257 12.229311889052136 
369 compton 0.045675424612235546 3.8995075975184132 8.333333333333332 
369 compton 0.0206348295370231 3.022139706437291 9.887887700555007 
369 compton 0.005585561581974305 5.450333525564236 10.651236254662733 
369 compton 0.014006604231078981 5.824041805134113 11.886234109847793 
369 compton 0.006265566870596949 5.375760488354784 11.818347386263145 
369 compton 0.0010176554691069956 5.385492024328505 11.102156282938587 
369 compton 0.007788113550487516 3.9857047989089054 8.853140650268774 
369 compton 0.006327428398178556 7.3571421544455315 8.468552250865965 
369 phot 0.042698815749318046 6.672391212924846 7.637944329640169 
370 compton 0.05099877887398248 -12.398783383896973 8.333333333333332 
371 compton 0.042702035857405604 -10.996493400648971 8.333333333333332 
371 compton 0.028182502478887858 -11.584097288264168 9.876901010739216 
371 compton 0.017993965530111837 -8.618036897423247 8.599259799516277 
371 compton 0.0037788033904635893 -10.39955260796515 10.645083074347715 
371 compton 0.010390312701720632 -11.55964190698413 10.347955012775202 
371 compton 0.0003089897305343231 -8.190800480047384 12.135347985295754 
371 compton 0.004771420063371126 -7.6995343588173375 12.187495039709932 
372 compton 0.01154112972000973 -1.0413591816011234 8.333333333333332 
372 compton 0.025111534319323087 0.7700324493474457 6.5674281956158 
373 compton 0.045432666407974984 2.726035812876612 8.333333333333332 
373 compton 0.012410156371626888 1.5978936051904467 6.272255399614247 
373 compton 0.01496352826472018 -0.20542987917602562 6.548199700151752 
374 compton 0.02139043232087079 -5.091766281274537 8.333333333333332 
374 compton 0.02032882667610489 -3.324028229183294 12.009117054076597 
374 compton 0.01253016441539842 -1.5543309659979132 11.666206760215267 
375 compton 0.020131444476374993 -7.292955447712329 8.333333333333332 
375 compton 0.0065771677143429685 -1.2051733221181822 -3.0398987927790895 
375 phot 0.12329138780928203 -1.3693094751003123 -4.00554389583368 
376 compton 0.022726999909372658 -8.237104949027717 8.333333333333332 
377 compton 0.012744377576184407 -9.971788041003881 8.333333333333332 
378 compton 0.03762833115206082 -5.616334755912849 8.333333333333332 
379 compton 0.02498601724920907 -8.48253166027759 8.333333333333332 
379 compton 0.00012514885375834728 -7.944647015756277 6.735959214138582 
379 compton 0.010024675974179081 -7.418555953688947 4.531470373416619 
379 compton 0.03477499485247118 -11.795136823774603 -1.3682981128434912 
379 compton 0.003846222305256594 -11.606543673688343 -0.6771752462135238 
379 compton 0.008863685830388046 -6.547717381325441 1.9489234303642187 
379 compton 0.00408682531561326 -2.317468123730145 -4.268759644569301 
379 compton 0.005038510860690654 -0.23538051464581988 -4.139742286369287 
379 compton 0.0074036192964080025 -0.06991176545729111 -3.4767496971249314 
380 compton 0.03042634833215825 -10.512296395711838 8.333333333333332 
380 compton 0.024369007695566866 -10.384054914607196 9.287893305210654 
380 compton 0.024564339738281635 -6.415127305167586 8.368831892222818 
380 compton 0.004397181877432266 -7.146293975523809 9.050409765303693 
381 compton 0.0011589741428909561 -3.103269697228951 8.333333333333332 
381 compton 0.053172262748515414 -0.036152465034960724 9.054212167955562 
381 compton 0.005907530468645811 -5.668216686522925 4.65790682461956 
381 compton 0.004174815974823803 -11.229671773966064 5.799400627832902 
382 compton 0.053226810746420786 -12.065303722092768 8.333333333333332 
383 compton 0.043645624442695805 -4.550929837340029 8.333333333333332 
383 compton 0.016146339826781042 -7.44420736525058 1.6648630616050513 
384 compton 0.0013529580447397827 -10.719019003396344 8.333333333333332 
384 compton 0.049715005157001765 2.333814460650105 5.0049369338732355 
384 compton 0.022641641338945195 -0.27409623588709753 3.5582472157782097 
384 compton 0.004402439020277066 -0.18900806628297845 5.087317018899384 
384 compton 0.014995513967416017 -3.3367631543022167 7.666328315293995 
384 compton 0.009666858709115801 -2.507053800020319 7.516959717388913 
384 compton 0.0063564115853809375 -3.8616995958102494 6.9473022299563105 
384 compton 0.0018516625352366506 -1.9988649659892685 11.993124632694924 
385 compton 0.05019662963319489 -12.414619760760978 8.333333333333332 
386 compton 0.043027325913297054 -10.996262230103378 8.333333333333332 
387 compton 0.025746438220431295 -9.456489024012615 8.333333333333332 
388 compton 0.012927271092222137 -11.200482554131433 8.333333333333332 
389 compton 0.009772572575106442 -10.357185385058198 8.333333333333332 
389 compton 0.04612086655395564 -6.133037505033193 11.916591102065443 
389 compton 0.0074297509211812135 -6.974355162354885 7.781353224439279 
389 compton 0.018461197686746228 -6.410810025726429 7.240680378523267 
389 compton 0.007283366177646522 -6.182591353438066 9.030682010747833 
389 compton 0.009158072199100399 -10.733452394763944 10.103888271045872 
389 phot 0.05177417388626355 -9.938715451737156 10.981023966971174 
390 compton 0.011210658438548377 -11.00090878132779 8.333333333333332 
391 compton 0.04944339567113444 -6.636317158645942 8.333333333333332 
392 compton 0.025342521071404292 -1.0907620009052899 8.333333333333332 
392 compton 0.0018659999890919682 -0.9761041062037551 7.978444433229436 
392 compton 0.018697683097958495 -1.640230704406997 -7.700222127262956 
393 compton 0.011158239753747384 -2.917910806613591 8.333333333333332 
393 compton 2.144650715232843e-05 -1.0593619620879224 6.573962057097535 
394 compton 0.0428708234259705 -9.970084095391934 8.333333333333332 
395 compton 0.0347427160598732 -12.224489758834181 8.333333333333332 
395 compton 0.0026933431700236488 -12.277170097984627 10.291540187979416 
396 compton 0.04816160029563714 -4.240807624752531 8.333333333333332 
396 compton 0.0037638710936369058 -4.501727999243098 7.995353556836466 
396 compton 8.548287135562438e-06 -4.516986547741357 7.417953428297862 
396 compton 0.009614601683820084 -4.461944315028304 -7.378629401109459 
396 compton 0.00656628812192897 4.923972937713077 -11.8519864738884 
397 compton 0.02577379546173851 -11.766668050306125 8.333333333333332 
397 compton 0.0248786369952656 -10.587022155099115 4.4868466962360705 
397 compton 0.016644247437740442 -8.733999423627832 5.116741365618895 
397 compton 0.009717649623915886 -6.555926704362497 -2.1157347730857845 
397 compton 0.0017915194727130823 -11.289071954374503 -4.524739188918673 
398 compton 0.033940637063245016 -7.935363251262997 8.333333333333332 
398 compton 0.035932595382247634 -7.917370706262678 3.532082984144796 
398 compton 0.016749622458786514 -9.795733597177621 11.548132432204003 
398 compton 0.0006562981739121898 -0.4838234478854382 6.153892608672879 
398 phot 0.06272084692180864 7.460135872452861 5.2658293661977975 
399 compton 0.007953190046267988 -12.34181523260966 8.333333333333332 
399 compton 0.011302807790400021 -8.961003840968328 10.787492374261925 
399 compton 0.014248926677570842 -3.4204715298228106 9.763373147772265 
399 compton 0.008264468825565863 -2.344337404873727 6.9585857548757915 
399 compton 0.00024017841096971027 -2.0257974458473136 6.838247629840487 
399 compton 0.021979936041604906 -0.5732176462681975 6.519274333804607 
399 compton 0.013138045711409807 -0.5591347574151654 9.142882916890501 
399 compton 0.0017525158027526938 -1.6720606527384572 9.069536110600763 
399 compton 0.012447509519682896 -5.366455079833249 11.238463201659716 
