0.6772636977740271 -6.0479146603648 0.0 
0.04405131900842674 -6.2788919462889154 3.184752504119939 
0.10711651819527393 -6.978910548336598 3.8707005694664716 
0.06625274821134525 -6.289316373014672 4.395202923701245 
0.01311069457399415 -9.499793795114254 -2.942107589937062 
0.6640418610796291 -5.842568064852995 0.0 
0.023815696767935268 -7.19424151023154 0.0 
0.13528494844021854 -2.50396953224125 0.7476178796316584 
0.1906183530352764 3.5676325735458994 -0.8368662515334708 
0.23120562532766575 6.151615803078291 0.10882149651529438 
0.04799998911064152 8.669948433933307 9.915440779597253 
0.17407091013732268 -0.700111317005705 0.0 
0.26688371879440675 2.296415236702612 1.5160144913789964 
0.197715279096764 -5.294757856636234 0.0 
0.588353608866944 -4.653792252872353 -0.3562444410200593 
0.6109886312484469 -9.962424448053 0.0 
0.18361095353397358 -9.477117925143103 2.409943140477548 
0.06907646555634173 -9.101172623627361 2.262460096532528 
0.03780395199247841 -8.798808346540458 4.994974815357891 
0.018159421426482067 -0.7588427105507396 -0.09010527324669493 
0.006410817367213634 -1.8747104782239508 -1.3198367515349725 
0.01642195338814382 -0.09174706047747794 -5.936625319808531 
0.0017090215668137607 -0.6658308710839863 -1.6703615556394622 
0.0007720743988014825 1.507961181154161 1.3643862257052644 
0.0005857836407967137 1.5593770278054613 1.8331771478450831 
0.0009557190951927363 3.8800921784523723 5.535431846376877 
0.05350520678531508 3.875438739610805 5.704919826016493 
0.2694549130071777 -4.7021720205579705 0.0 
0.4497329945600708 -0.8922428418263038 -2.7432682649444007 
0.14246563463220724 -4.142194346580505 -6.26998580477442 
0.03346390705845653 -4.097791219885741 -6.086118484811913 
0.0063106150367005925 -8.504088257928831 -5.832450510744734 
0.7702132129547407 -6.113359721624934 0.0 
0.09300872832304499 -6.371531777478522 -0.2540307651829008 
0.0038459272986990645 -7.59040507233858 4.735504767470635 
0.007090400313608025 -8.648764505524962 5.969741064041533 
0.7210530372311017 3.5635037947963752 0.0 
0.1452708335827917 2.83759678716561 2.1425403751386574 
0.0022247600525323874 3.6219777542410934 -1.9187041879591114 
0.003911129627817284 8.33231798177398 -9.559027455648401 
0.11332405123545164 -5.5277387604854935 0.0 
0.3294407413547852 -1.833600321441279 1.4048831698849233 
0.36471787071328887 -1.547848290450989 2.1722911810547325 
0.0070922961000708384 -6.565605064417115 -0.3928633326981492 
0.0025978217474253162 -8.43748014817817 -0.4266891751590521 
0.005372780220681078 -8.451417747899347 -0.42294110691838516 
0.22307848040437173 -1.4891759747911664 0.0 
0.5132048876957546 0.8771821334758099 1.4461446578388266 
0.1266823613403902 -4.0696615975979835 5.949297935756596 
0.00188821097927383 -3.32292167591563 1.7126323968391297 
0.0443534289152204 -2.0055224441064157 -0.7064149655141412 
0.006054572712922673 -3.7572431114094273 0.27768569111875796 
0.02066251914722317 -3.770393736709493 0.3790779398943447 
0.001185024610273061 -3.7325164619805045 0.3032689903244998 
0.007587384358356049 -2.776836896059294 -0.28544564824420854 
0.00044516737340211804 -3.368885331221821 -1.0371820474100768 
0.0012633002461994308 -6.19847731715555 -2.6347036393076637 
0.008612479742212367 -6.698412081142022 -3.881333648589277 
0.004997251592909598 -6.712612380833801 -3.8173137733213958 
0.2084208540223571 -8.722812250765056 0.0 
0.29698492656760134 -7.280203297386553 -0.835084462965043 
0.7715492199524783 -8.443228079871572 0.0 
0.09468907912879493 -8.789951639336806 -0.3286156006787342 
0.04209938446975944 -8.840922823827789 0.04481220136854158 
0.7934120872857072 -5.379114412113314 0.0 
