1.000E-03 1.460E+00 1.375E-02 3.574E+03 0.000E+00 0.000E+00 3.576E+03 3.574E+03 
1.035E-03 1.451E+00 1.461E-02 3.258E+03 0.000E+00 0.000E+00 3.260E+03 3.258E+03 
1.072E-03 1.443E+00 1.553E-02 2.971E+03 0.000E+00 0.000E+00 2.972E+03 2.971E+03 
1.072E-03 1.443E+00 1.553E-02 2.974E+03 0.000E+00 0.000E+00 2.976E+03 2.974E+03 
1.072E-03 1.443E+00 1.553E-02 2.982E+03 0.000E+00 0.000E+00 2.984E+03 2.982E+03 
1.072E-03 1.443E+00 1.554E-02 2.974E+03 0.000E+00 0.000E+00 2.975E+03 2.974E+03 
1.072E-03 1.443E+00 1.554E-02 2.982E+03 0.000E+00 0.000E+00 2.983E+03 2.982E+03 
1.500E-03 1.342E+00 2.750E-02 1.210E+03 0.000E+00 0.000E+00 1.212E+03 1.211E+03 
2.000E-03 1.210E+00 4.261E-02 5.437E+02 0.000E+00 0.000E+00 5.450E+02 5.438E+02 
2.145E-03 1.172E+00 4.699E-02 4.457E+02 0.000E+00 0.000E+00 4.469E+02 4.458E+02 
2.145E-03 1.172E+00 4.699E-02 4.701E+02 0.000E+00 0.000E+00 4.713E+02 4.702E+02 
2.303E-03 1.130E+00 5.167E-02 3.852E+02 0.000E+00 0.000E+00 3.864E+02 3.852E+02 
2.472E-03 1.086E+00 5.659E-02 3.153E+02 0.000E+00 0.000E+00 3.165E+02 3.154E+02 
2.472E-03 1.086E+00 5.659E-02 3.190E+02 0.000E+00 0.000E+00 3.202E+02 3.191E+02 
2.496E-03 1.080E+00 5.728E-02 3.104E+02 0.000E+00 0.000E+00 3.116E+02 3.105E+02 
2.520E-03 1.074E+00 5.797E-02 3.021E+02 0.000E+00 0.000E+00 3.032E+02 3.021E+02 
2.520E-03 1.074E+00 5.797E-02 3.164E+02 0.000E+00 0.000E+00 3.175E+02 3.165E+02 
2.572E-03 1.061E+00 5.944E-02 2.986E+02 0.000E+00 0.000E+00 2.997E+02 2.986E+02 
2.625E-03 1.048E+00 6.093E-02 2.817E+02 0.000E+00 0.000E+00 2.828E+02 2.817E+02 
2.625E-03 1.048E+00 6.093E-02 2.885E+02 0.000E+00 0.000E+00 2.896E+02 2.886E+02 
2.722E-03 1.024E+00 6.362E-02 2.605E+02 0.000E+00 0.000E+00 2.616E+02 2.606E+02 
2.822E-03 9.997E-01 6.635E-02 2.352E+02 0.000E+00 0.000E+00 2.363E+02 2.353E+02 
2.822E-03 9.997E-01 6.635E-02 2.369E+02 0.000E+00 0.000E+00 2.380E+02 2.370E+02 
2.844E-03 9.946E-01 6.693E-02 2.319E+02 0.000E+00 0.000E+00 2.330E+02 2.320E+02 
2.866E-03 9.895E-01 6.751E-02 2.270E+02 0.000E+00 0.000E+00 2.281E+02 2.271E+02 
2.866E-03 9.895E-01 6.751E-02 2.298E+02 0.000E+00 0.000E+00 2.309E+02 2.299E+02 
3.000E-03 9.581E-01 7.104E-02 2.020E+02 0.000E+00 0.000E+00 2.031E+02 2.021E+02 
3.607E-03 8.286E-01 8.560E-02 1.191E+02 0.000E+00 0.000E+00 1.201E+02 1.192E+02 
3.607E-03 8.286E-01 8.560E-02 1.213E+02 0.000E+00 0.000E+00 1.222E+02 1.214E+02 
4.000E-03 7.559E-01 9.381E-02 9.002E+01 0.000E+00 0.000E+00 9.087E+01 9.011E+01 
4.038E-03 7.492E-01 9.456E-02 8.758E+01 0.000E+00 0.000E+00 8.842E+01 8.767E+01 
4.038E-03 7.492E-01 9.456E-02 1.002E+02 0.000E+00 0.000E+00 1.011E+02 1.003E+02 
4.290E-03 7.075E-01 9.931E-02 8.440E+01 0.000E+00 0.000E+00 8.521E+01 8.450E+01 
4.557E-03 6.666E-01 1.040E-01 7.106E+01 0.000E+00 0.000E+00 7.183E+01 7.116E+01 
4.557E-03 6.666E-01 1.040E-01 7.601E+01 0.000E+00 0.000E+00 7.678E+01 7.611E+01 
4.702E-03 6.459E-01 1.064E-01 6.965E+01 0.000E+00 0.000E+00 7.040E+01 6.976E+01 
4.852E-03 6.255E-01 1.087E-01 6.381E+01 0.000E+00 0.000E+00 6.455E+01 6.392E+01 
4.852E-03 6.255E-01 1.087E-01 6.610E+01 0.000E+00 0.000E+00 6.684E+01 6.621E+01 
5.000E-03 6.063E-01 1.109E-01 6.086E+01 0.000E+00 0.000E+00 6.158E+01 6.097E+01 
5.188E-03 5.831E-01 1.136E-01 5.477E+01 0.000E+00 0.000E+00 5.547E+01 5.489E+01 
5.188E-03 5.831E-01 1.136E-01 5.594E+01 0.000E+00 0.000E+00 5.664E+01 5.606E+01 
6.000E-03 4.975E-01 1.237E-01 3.699E+01 0.000E+00 0.000E+00 3.761E+01 3.711E+01 
8.000E-03 3.565E-01 1.408E-01 1.610E+01 0.000E+00 0.000E+00 1.660E+01 1.624E+01 
1.000E-02 2.724E-01 1.515E-01 8.382E+00 0.000E+00 0.000E+00 8.806E+00 8.534E+00 
1.500E-02 1.629E-01 1.665E-01 2.515E+00 0.000E+00 0.000E+00 2.844E+00 2.682E+00 
2.000E-02 1.093E-01 1.742E-01 1.059E+00 0.000E+00 0.000E+00 1.343E+00 1.233E+00 
2.000E-02 1.093E-01 1.742E-01 1.722E+00 0.000E+00 0.000E+00 2.005E+00 1.896E+00 
2.000E-02 1.093E-01 1.742E-01 1.722E+00 0.000E+00 0.000E+00 2.005E+00 1.896E+00 
3.000E-02 5.869E-02 1.798E-01 5.449E-01 0.000E+00 0.000E+00 7.834E-01 7.247E-01 
3.317E-02 4.978E-02 1.802E-01 4.019E-01 0.000E+00 0.000E+00 6.319E-01 5.821E-01 
3.317E-02 4.978E-02 1.802E-01 6.939E-01 0.000E+00 0.000E+00 9.239E-01 8.741E-01 
4.000E-02 3.651E-02 1.797E-01 4.163E-01 0.000E+00 0.000E+00 6.326E-01 5.961E-01 
5.000E-02 2.491E-02 1.774E-01 2.227E-01 0.000E+00 0.000E+00 4.250E-01 4.001E-01 
6.000E-02 1.806E-02 1.742E-01 1.325E-01 0.000E+00 0.000E+00 3.247E-01 3.067E-01 
8.000E-02 1.073E-02 1.671E-01 5.785E-02 0.000E+00 0.000E+00 2.356E-01 2.249E-01 
1.000E-01 7.091E-03 1.601E-01 3.022E-02 0.000E+00 0.000E+00 1.974E-01 1.903E-01 
1.500E-01 3.294E-03 1.451E-01 9.221E-03 0.000E+00 0.000E+00 1.577E-01 1.544E-01 
2.000E-01 1.892E-03 1.334E-01 3.986E-03 0.000E+00 0.000E+00 1.392E-01 1.373E-01 
3.000E-01 8.573E-04 1.162E-01 1.254E-03 0.000E+00 0.000E+00 1.183E-01 1.175E-01 
4.000E-01 4.864E-04 1.042E-01 5.716E-04 0.000E+00 0.000E+00 1.053E-01 1.048E-01 
5.000E-01 3.128E-04 9.525E-02 3.201E-04 0.000E+00 0.000E+00 9.589E-02 9.557E-02 
6.000E-01 2.179E-04 8.813E-02 2.042E-04 0.000E+00 0.000E+00 8.855E-02 8.833E-02 
8.000E-01 1.230E-04 7.745E-02 1.053E-04 0.000E+00 0.000E+00 7.768E-02 7.755E-02 
1.000E+00 7.884E-05 6.966E-02 6.571E-05 0.000E+00 0.000E+00 6.980E-02 6.972E-02 
1.022E+00 7.550E-05 6.892E-02 6.246E-05 0.000E+00 0.000E+00 6.906E-02 6.899E-02 
1.250E+00 5.052E-05 6.229E-02 4.215E-05 2.039E-05 0.000E+00 6.240E-02 6.235E-02 
1.500E+00 3.510E-05 5.661E-02 3.022E-05 1.098E-04 0.000E+00 5.679E-02 5.675E-02 
2.000E+00 1.976E-05 4.832E-02 1.846E-05 4.285E-04 0.000E+00 4.878E-02 4.876E-02 
2.044E+00 1.892E-05 4.771E-02 1.781E-05 4.614E-04 0.000E+00 4.821E-02 4.819E-02 
3.000E+00 8.786E-06 3.801E-02 9.853E-06 1.209E-03 1.330E-05 3.925E-02 3.924E-02 
4.000E+00 4.944E-06 3.170E-02 6.554E-06 1.951E-03 5.429E-05 3.372E-02 3.372E-02 
5.000E+00 3.164E-06 2.738E-02 4.862E-06 2.609E-03 1.082E-04 3.011E-02 3.010E-02 
6.000E+00 2.197E-06 2.420E-02 3.846E-06 3.199E-03 1.661E-04 2.757E-02 2.757E-02 
7.000E+00 1.614E-06 2.175E-02 3.173E-06 3.724E-03 2.240E-04 2.570E-02 2.570E-02 
8.000E+00 1.236E-06 1.980E-02 2.697E-06 4.196E-03 2.802E-04 2.428E-02 2.427E-02 
9.000E+00 9.766E-07 1.820E-02 2.342E-06 4.626E-03 3.341E-04 2.316E-02 2.316E-02 
1.000E+01 7.910E-07 1.686E-02 2.069E-06 5.015E-03 3.854E-04 2.226E-02 2.226E-02 