1.000E-03 1.332E+00 1.393E-02 3.501E+03 0.000E+00 0.000E+00 3.503E+03 3.501E+03 
1.010E-03 1.330E+00 1.417E-02 3.411E+03 0.000E+00 0.000E+00 3.412E+03 3.411E+03 
1.020E-03 1.328E+00 1.441E-02 3.323E+03 0.000E+00 0.000E+00 3.324E+03 3.323E+03 
1.020E-03 1.328E+00 1.441E-02 3.323E+03 0.000E+00 0.000E+00 3.324E+03 3.323E+03 
1.031E-03 1.325E+00 1.470E-02 3.225E+03 0.000E+00 0.000E+00 3.226E+03 3.225E+03 
1.043E-03 1.322E+00 1.499E-02 3.130E+03 0.000E+00 0.000E+00 3.131E+03 3.130E+03 
1.043E-03 1.322E+00 1.499E-02 3.130E+03 0.000E+00 0.000E+00 3.131E+03 3.130E+03 
1.057E-03 1.319E+00 1.536E-02 3.016E+03 0.000E+00 0.000E+00 3.017E+03 3.016E+03 
1.072E-03 1.316E+00 1.574E-02 2.906E+03 0.000E+00 0.000E+00 2.907E+03 2.906E+03 
1.072E-03 1.316E+00 1.574E-02 2.914E+03 0.000E+00 0.000E+00 2.916E+03 2.914E+03 
1.084E-03 1.313E+00 1.605E-02 2.829E+03 0.000E+00 0.000E+00 2.831E+03 2.829E+03 
1.096E-03 1.311E+00 1.636E-02 2.747E+03 0.000E+00 0.000E+00 2.748E+03 2.747E+03 
1.096E-03 1.311E+00 1.636E-02 2.747E+03 0.000E+00 0.000E+00 2.748E+03 2.747E+03 
1.144E-03 1.300E+00 1.762E-02 2.450E+03 0.000E+00 0.000E+00 2.452E+03 2.450E+03 
1.194E-03 1.289E+00 1.898E-02 2.185E+03 0.000E+00 0.000E+00 2.187E+03 2.185E+03 
1.194E-03 1.289E+00 1.898E-02 2.185E+03 0.000E+00 0.000E+00 2.187E+03 2.185E+03 
1.248E-03 1.278E+00 2.049E-02 1.938E+03 0.000E+00 0.000E+00 1.939E+03 1.938E+03 
1.305E-03 1.265E+00 2.212E-02 1.718E+03 0.000E+00 0.000E+00 1.719E+03 1.718E+03 
1.305E-03 1.265E+00 2.212E-02 1.719E+03 0.000E+00 0.000E+00 1.721E+03 1.719E+03 
1.500E-03 1.221E+00 2.788E-02 1.176E+03 0.000E+00 0.000E+00 1.177E+03 1.176E+03 
2.000E-03 1.096E+00 4.321E-02 5.249E+02 0.000E+00 0.000E+00 5.260E+02 5.249E+02 
2.145E-03 1.059E+00 4.766E-02 4.296E+02 0.000E+00 0.000E+00 4.307E+02 4.297E+02 
2.145E-03 1.059E+00 4.766E-02 4.541E+02 0.000E+00 0.000E+00 4.552E+02 4.541E+02 
2.303E-03 1.020E+00 5.241E-02 3.715E+02 0.000E+00 0.000E+00 3.726E+02 3.716E+02 
2.472E-03 9.787E-01 5.740E-02 3.037E+02 0.000E+00 0.000E+00 3.047E+02 3.037E+02 
2.472E-03 9.787E-01 5.740E-02 3.074E+02 0.000E+00 0.000E+00 3.084E+02 3.074E+02 
2.641E-03 9.384E-01 6.227E-02 2.544E+02 0.000E+00 0.000E+00 2.554E+02 2.545E+02 
2.822E-03 8.967E-01 6.731E-02 2.104E+02 0.000E+00 0.000E+00 2.113E+02 2.104E+02 
2.822E-03 8.967E-01 6.731E-02 2.121E+02 0.000E+00 0.000E+00 2.131E+02 2.122E+02 
3.000E-03 8.574E-01 7.207E-02 1.780E+02 0.000E+00 0.000E+00 1.789E+02 1.781E+02 
3.607E-03 7.353E-01 8.683E-02 1.039E+02 0.000E+00 0.000E+00 1.048E+02 1.040E+02 
3.607E-03 7.353E-01 8.683E-02 1.061E+02 0.000E+00 0.000E+00 1.069E+02 1.062E+02 
4.000E-03 6.670E-01 9.515E-02 7.826E+01 0.000E+00 0.000E+00 7.902E+01 7.835E+01 
4.038E-03 6.608E-01 9.591E-02 7.610E+01 0.000E+00 0.000E+00 7.686E+01 7.619E+01 
4.038E-03 6.608E-01 9.591E-02 8.876E+01 0.000E+00 0.000E+00 8.952E+01 8.886E+01 
5.000E-03 5.275E-01 1.125E-01 4.785E+01 0.000E+00 0.000E+00 4.849E+01 4.796E+01 
6.000E-03 4.274E-01 1.254E-01 2.798E+01 0.000E+00 0.000E+00 2.853E+01 2.810E+01 
7.112E-03 3.476E-01 1.360E-01 1.688E+01 0.000E+00 0.000E+00 1.736E+01 1.702E+01 
7.112E-03 3.476E-01 1.360E-01 1.690E+01 0.000E+00 0.000E+00 1.739E+01 1.704E+01 
8.000E-03 3.002E-01 1.426E-01 1.189E+01 0.000E+00 0.000E+00 1.233E+01 1.203E+01 
8.979E-03 2.594E-01 1.484E-01 8.395E+00 0.000E+00 0.000E+00 8.802E+00 8.543E+00 
8.979E-03 2.594E-01 1.484E-01 8.395E+00 0.000E+00 0.000E+00 8.803E+00 8.543E+00 
9.313E-03 2.477E-01 1.501E-01 7.517E+00 0.000E+00 0.000E+00 7.915E+00 7.667E+00 
9.659E-03 2.364E-01 1.518E-01 6.730E+00 0.000E+00 0.000E+00 7.118E+00 6.882E+00 
9.659E-03 2.364E-01 1.518E-01 6.736E+00 0.000E+00 0.000E+00 7.125E+00 6.888E+00 
1.000E-02 2.261E-01 1.533E-01 6.062E+00 0.000E+00 0.000E+00 6.441E+00 6.215E+00 
1.500E-02 1.326E-01 1.684E-01 1.745E+00 0.000E+00 0.000E+00 2.046E+00 1.914E+00 
2.000E-02 8.804E-02 1.760E-01 7.119E-01 0.000E+00 0.000E+00 9.759E-01 8.879E-01 
3.000E-02 4.656E-02 1.814E-01 1.977E-01 0.000E+00 0.000E+00 4.257E-01 3.792E-01 
4.000E-02 2.857E-02 1.812E-01 7.893E-02 0.000E+00 0.000E+00 2.887E-01 2.601E-01 
5.000E-02 1.929E-02 1.787E-01 3.854E-02 0.000E+00 0.000E+00 2.365E-01 2.173E-01 
6.000E-02 1.389E-02 1.754E-01 2.141E-02 0.000E+00 0.000E+00 2.107E-01 1.968E-01 
8.000E-02 8.158E-03 1.681E-01 8.442E-03 0.000E+00 0.000E+00 1.847E-01 1.766E-01 
1.000E-01 5.349E-03 1.611E-01 4.101E-03 0.000E+00 0.000E+00 1.705E-01 1.652E-01 
1.500E-01 2.446E-03 1.460E-01 1.111E-03 0.000E+00 0.000E+00 1.495E-01 1.471E-01 
2.000E-01 1.392E-03 1.341E-01 4.454E-04 0.000E+00 0.000E+00 1.359E-01 1.345E-01 
3.000E-01 6.241E-04 1.168E-01 1.279E-04 0.000E+00 0.000E+00 1.176E-01 1.170E-01 
4.000E-01 3.523E-04 1.048E-01 5.528E-05 0.000E+00 0.000E+00 1.052E-01 1.048E-01 
5.000E-01 2.258E-04 9.571E-02 2.996E-05 0.000E+00 0.000E+00 9.597E-02 9.574E-02 
6.000E-01 1.570E-04 8.855E-02 1.872E-05 0.000E+00 0.000E+00 8.873E-02 8.857E-02 
8.000E-01 8.837E-05 7.781E-02 9.475E-06 0.000E+00 0.000E+00 7.791E-02 7.782E-02 
1.000E+00 5.658E-05 6.998E-02 5.890E-06 0.000E+00 0.000E+00 7.005E-02 6.999E-02 
1.022E+00 5.418E-05 6.925E-02 5.529E-06 0.000E+00 0.000E+00 6.931E-02 6.925E-02 
1.250E+00 3.623E-05 6.258E-02 3.749E-06 1.751E-05 0.000E+00 6.264E-02 6.260E-02 
1.500E+00 2.515E-05 5.688E-02 2.715E-06 9.659E-05 0.000E+00 5.700E-02 5.698E-02 
2.000E+00 1.415E-05 4.854E-02 1.696E-06 3.841E-04 0.000E+00 4.894E-02 4.893E-02 
2.044E+00 1.355E-05 4.793E-02 1.640E-06 4.139E-04 0.000E+00 4.836E-02 4.835E-02 
3.000E+00 6.290E-06 3.818E-02 9.389E-07 1.097E-03 1.336E-05 3.930E-02 3.930E-02 
4.000E+00 3.539E-06 3.185E-02 6.405E-07 1.779E-03 5.455E-05 3.369E-02 3.369E-02 
5.000E+00 2.264E-06 2.751E-02 4.837E-07 2.386E-03 1.087E-04 3.000E-02 3.000E-02 
6.000E+00 1.573E-06 2.431E-02 3.878E-07 2.931E-03 1.669E-04 2.741E-02 2.741E-02 
7.000E+00 1.155E-06 2.185E-02 3.232E-07 3.417E-03 2.251E-04 2.550E-02 2.550E-02 
8.000E+00 8.846E-07 1.989E-02 2.769E-07 3.853E-03 2.816E-04 2.402E-02 2.402E-02 
9.000E+00 6.990E-07 1.828E-02 2.421E-07 4.252E-03 3.357E-04 2.287E-02 2.287E-02 
1.000E+01 5.662E-07 1.694E-02 2.150E-07 4.611E-03 3.873E-04 2.194E-02 2.194E-02 