1.000E-03 1.444E+00 1.381E-02 3.516E+03 0.000E+00 0.000E+00 3.517E+03 3.516E+03 
1.035E-03 1.435E+00 1.468E-02 3.204E+03 0.000E+00 0.000E+00 3.205E+03 3.204E+03 
1.072E-03 1.427E+00 1.560E-02 2.920E+03 0.000E+00 0.000E+00 2.921E+03 2.920E+03 
1.072E-03 1.427E+00 1.560E-02 2.928E+03 0.000E+00 0.000E+00 2.930E+03 2.928E+03 
1.500E-03 1.329E+00 2.764E-02 1.185E+03 0.000E+00 0.000E+00 1.186E+03 1.185E+03 
2.000E-03 1.200E+00 4.283E-02 5.309E+02 0.000E+00 0.000E+00 5.322E+02 5.310E+02 
2.145E-03 1.161E+00 4.724E-02 4.350E+02 0.000E+00 0.000E+00 4.362E+02 4.350E+02 
2.145E-03 1.161E+00 4.724E-02 4.596E+02 0.000E+00 0.000E+00 4.609E+02 4.597E+02 
2.175E-03 1.154E+00 4.814E-02 4.421E+02 0.000E+00 0.000E+00 4.433E+02 4.421E+02 
2.206E-03 1.146E+00 4.905E-02 4.252E+02 0.000E+00 0.000E+00 4.264E+02 4.252E+02 
2.206E-03 1.146E+00 4.905E-02 4.259E+02 0.000E+00 0.000E+00 4.271E+02 4.260E+02 
2.248E-03 1.135E+00 5.031E-02 4.091E+02 0.000E+00 0.000E+00 4.103E+02 4.092E+02 
2.291E-03 1.124E+00 5.160E-02 3.959E+02 0.000E+00 0.000E+00 3.971E+02 3.959E+02 
2.291E-03 1.124E+00 5.160E-02 3.972E+02 0.000E+00 0.000E+00 3.984E+02 3.973E+02 
2.380E-03 1.101E+00 5.421E-02 3.586E+02 0.000E+00 0.000E+00 3.598E+02 3.587E+02 
2.472E-03 1.078E+00 5.690E-02 3.239E+02 0.000E+00 0.000E+00 3.250E+02 3.239E+02 
2.472E-03 1.078E+00 5.690E-02 3.276E+02 0.000E+00 0.000E+00 3.287E+02 3.277E+02 
2.604E-03 1.045E+00 6.067E-02 2.852E+02 0.000E+00 0.000E+00 2.863E+02 2.852E+02 
2.743E-03 1.011E+00 6.455E-02 2.484E+02 0.000E+00 0.000E+00 2.495E+02 2.485E+02 
2.743E-03 1.011E+00 6.455E-02 2.518E+02 0.000E+00 0.000E+00 2.529E+02 2.519E+02 
2.782E-03 1.002E+00 6.563E-02 2.419E+02 0.000E+00 0.000E+00 2.429E+02 2.419E+02 
2.822E-03 9.924E-01 6.672E-02 2.323E+02 0.000E+00 0.000E+00 2.334E+02 2.324E+02 
2.822E-03 9.924E-01 6.672E-02 2.341E+02 0.000E+00 0.000E+00 2.351E+02 2.341E+02 
3.000E-03 9.514E-01 7.144E-02 1.970E+02 0.000E+00 0.000E+00 1.980E+02 1.971E+02 
3.148E-03 9.184E-01 7.521E-02 1.718E+02 0.000E+00 0.000E+00 1.728E+02 1.718E+02 
3.148E-03 9.184E-01 7.521E-02 1.729E+02 0.000E+00 0.000E+00 1.739E+02 1.730E+02 
3.283E-03 8.892E-01 7.855E-02 1.533E+02 0.000E+00 0.000E+00 1.543E+02 1.534E+02 
3.425E-03 8.598E-01 8.192E-02 1.359E+02 0.000E+00 0.000E+00 1.368E+02 1.360E+02 
3.425E-03 8.598E-01 8.192E-02 1.366E+02 0.000E+00 0.000E+00 1.375E+02 1.366E+02 
3.515E-03 8.417E-01 8.400E-02 1.268E+02 0.000E+00 0.000E+00 1.277E+02 1.269E+02 
3.607E-03 8.236E-01 8.608E-02 1.177E+02 0.000E+00 0.000E+00 1.186E+02 1.177E+02 
3.607E-03 8.236E-01 8.608E-02 1.198E+02 0.000E+00 0.000E+00 1.207E+02 1.199E+02 
4.000E-03 7.516E-01 9.434E-02 8.904E+01 0.000E+00 0.000E+00 8.989E+01 8.914E+01 
4.038E-03 7.451E-01 9.509E-02 8.664E+01 0.000E+00 0.000E+00 8.748E+01 8.674E+01 
4.038E-03 7.451E-01 9.509E-02 9.940E+01 0.000E+00 0.000E+00 1.002E+02 9.950E+01 
5.000E-03 6.036E-01 1.116E-01 5.421E+01 0.000E+00 0.000E+00 5.492E+01 5.432E+01 
6.000E-03 4.959E-01 1.244E-01 3.203E+01 0.000E+00 0.000E+00 3.266E+01 3.216E+01 
8.000E-03 3.563E-01 1.415E-01 1.384E+01 0.000E+00 0.000E+00 1.434E+01 1.398E+01 
1.000E-02 2.728E-01 1.522E-01 7.158E+00 0.000E+00 0.000E+00 7.583E+00 7.310E+00 
1.192E-02 2.197E-01 1.593E-01 4.242E+00 0.000E+00 0.000E+00 4.622E+00 4.402E+00 
1.192E-02 2.197E-01 1.593E-01 5.363E+00 0.000E+00 0.000E+00 5.742E+00 5.522E+00 
1.279E-02 2.009E-01 1.619E-01 4.353E+00 0.000E+00 0.000E+00 4.716E+00 4.515E+00 
1.373E-02 1.834E-01 1.644E-01 3.533E+00 0.000E+00 0.000E+00 3.880E+00 3.697E+00 
1.373E-02 1.834E-01 1.644E-01 4.017E+00 0.000E+00 0.000E+00 4.365E+00 4.182E+00 
1.404E-02 1.782E-01 1.651E-01 3.777E+00 0.000E+00 0.000E+00 4.121E+00 3.943E+00 
1.435E-02 1.732E-01 1.658E-01 3.552E+00 0.000E+00 0.000E+00 3.891E+00 3.718E+00 
1.435E-02 1.732E-01 1.658E-01 3.795E+00 0.000E+00 0.000E+00 4.134E+00 3.961E+00 
1.500E-02 1.634E-01 1.672E-01 3.349E+00 0.000E+00 0.000E+00 3.680E+00 3.516E+00 
2.000E-02 1.098E-01 1.749E-01 1.477E+00 0.000E+00 0.000E+00 1.762E+00 1.652E+00 
3.000E-02 5.947E-02 1.804E-01 4.594E-01 0.000E+00 0.000E+00 6.992E-01 6.398E-01 
4.000E-02 3.718E-02 1.802E-01 1.993E-01 0.000E+00 0.000E+00 4.167E-01 3.796E-01 
5.000E-02 2.541E-02 1.778E-01 1.041E-01 0.000E+00 0.000E+00 3.074E-01 2.819E-01 
6.000E-02 1.847E-02 1.746E-01 6.116E-02 0.000E+00 0.000E+00 2.542E-01 2.358E-01 
8.000E-02 1.104E-02 1.674E-01 2.641E-02 0.000E+00 0.000E+00 2.049E-01 1.938E-01 
8.072E-02 1.086E-02 1.672E-01 2.573E-02 0.000E+00 0.000E+00 2.038E-01 1.929E-01 
8.072E-02 1.086E-02 1.672E-01 9.389E-02 0.000E+00 0.000E+00 2.719E-01 2.611E-01 
1.000E-01 7.341E-03 1.604E-01 5.298E-02 0.000E+00 0.000E+00 2.208E-01 2.134E-01 
1.500E-01 3.426E-03 1.454E-01 1.786E-02 0.000E+00 0.000E+00 1.667E-01 1.633E-01 
2.000E-01 1.977E-03 1.336E-01 8.210E-03 0.000E+00 0.000E+00 1.438E-01 1.418E-01 
3.000E-01 9.033E-04 1.164E-01 2.793E-03 0.000E+00 0.000E+00 1.201E-01 1.192E-01 
4.000E-01 5.152E-04 1.044E-01 1.337E-03 0.000E+00 0.000E+00 1.063E-01 1.058E-01 
5.000E-01 3.324E-04 9.542E-02 7.742E-04 0.000E+00 0.000E+00 9.653E-02 9.619E-02 
6.000E-01 2.321E-04 8.828E-02 5.050E-04 0.000E+00 0.000E+00 8.902E-02 8.878E-02 
8.000E-01 1.314E-04 7.758E-02 2.668E-04 0.000E+00 0.000E+00 7.798E-02 7.785E-02 
1.000E+00 8.441E-05 6.977E-02 1.679E-04 0.000E+00 0.000E+00 7.003E-02 6.994E-02 
1.022E+00 8.084E-05 6.904E-02 1.606E-04 0.000E+00 0.000E+00 6.928E-02 6.920E-02 
1.250E+00 5.418E-05 6.239E-02 1.083E-04 2.097E-05 0.000E+00 6.258E-02 6.252E-02 
1.500E+00 3.768E-05 5.671E-02 7.724E-05 1.129E-04 0.000E+00 5.694E-02 5.690E-02 
2.000E+00 2.124E-05 4.840E-02 4.678E-05 4.328E-04 0.000E+00 4.890E-02 4.888E-02 
2.044E+00 2.034E-05 4.779E-02 4.512E-05 4.655E-04 0.000E+00 4.832E-02 4.830E-02 
3.000E+00 9.455E-06 3.807E-02 2.454E-05 1.203E-03 1.332E-05 3.932E-02 3.931E-02 
4.000E+00 5.321E-06 3.176E-02 1.610E-05 1.930E-03 5.439E-05 3.377E-02 3.376E-02 
5.000E+00 3.406E-06 2.743E-02 1.182E-05 2.575E-03 1.084E-04 3.013E-02 3.012E-02 
6.000E+00 2.366E-06 2.424E-02 9.281E-06 3.153E-03 1.664E-04 2.757E-02 2.757E-02 
7.000E+00 1.738E-06 2.179E-02 7.609E-06 3.667E-03 2.244E-04 2.569E-02 2.569E-02 
8.000E+00 1.331E-06 1.983E-02 6.435E-06 4.130E-03 2.807E-04 2.425E-02 2.425E-02 
9.000E+00 1.052E-06 1.823E-02 5.566E-06 4.552E-03 3.347E-04 2.312E-02 2.312E-02 
1.000E+01 8.519E-07 1.689E-02 4.898E-06 4.932E-03 3.861E-04 2.221E-02 2.221E-02